803.849 
61.5077 
59.6761 
58.931 
58.5134 
57.1475 
56.798 
56.6555 
55.7808 
54.3665 
54.1408 
54.0783 
54.0652 
53.4889 
53.2699 
52.3924 
52.2499 
51.9591 
50.76 
50.4489 
50.3276 
50.0471 
49.8407 
49.6052 
49.02 
48.2985 
48.1973 
48.0333 
47.0323 
46.3818 
46.294 
45.7928 
45.328 
45.1785 
44.7738 
44.5757 
44.551 
43.777 
43.7198 
43.6765 
43.2924 
43.1918 
42.9988 
42.5813 
42.4421 
42.1968 
41.8285 
41.6244 
40.9075 
40.8612 
40.5157 
40.4214 
40.0919 
39.944 
39.7157 
39.3814 
38.8361 
38.4911 
38.273 
37.7825 
37.6195 
37.3427 
37.0905 
36.8337 
36.6251 
36.4862 
36.3352 
35.6063 
35.4567 
35.2253 
35.0497 
34.7221 
34.6393 
34.3053 
34.0409 
33.8435 
33.4968 
33.4237 
33.1068 
33.0067 
32.7442 
32.725 
32.5589 
32.1896 
32.0131 
31.5691 
31.4621 
31.1146 
30.9794 
30.8701 
30.5063 
30.0831 
29.7184 
29.6085 
29.4262 
29.3313 
28.9659 
28.9007 
28.4054 
28.1876 
27.7476 
27.6414 
27.3773 
26.94 
26.7348 
26.6596 
26.4334 
26.4015 
25.9815 
25.7667 
25.4247 
25.3953 
25.0449 
24.9237 
24.7872 
24.5614 
24.1357 
23.8181 
23.654 
23.326 
23.1592 
23.1274 
22.6976 
22.4091 
22.2359 
21.7678 
21.4762 
21.3082 
21.1445 
20.7313 
20.5571 
20.499 
20.1501 
19.9182 
19.7659 
19.5197 
19.3648 
19.2656 
18.7253 
18.5049 
18.3683 
18.0526 
17.8763 
17.5961 
17.3828 
17.1098 
16.9009 
16.5944 
16.3009 
16.1483 
16.1322 
15.682 
15.465 
15.3464 
15.0189 
14.7665 
14.5637 
14.2286 
14.1759 
14.0278 
13.8721 
13.5435 
13.2601 
12.9212 
12.6764 
12.6503 
12.4594 
12.2105 
11.9026 
11.7071 
11.4525 
11.3152 
10.7836 
10.5472 
10.5099 
10.2089 
10.1622 
9.81669 
9.36767 
9.19047 
8.98978 
8.87432 
8.49794 
8.36397 
8.15739 
7.7629 
7.62043 
7.14035 
7.03095 
6.53522 
6.20592 
6.07375 
5.66784 
5.4731 
5.28399 
4.902 
4.47077 
4.1308 
4.06285 
9.26746e-13 
7.3969e-13 
6.68567e-13 
6.06441e-13 
5.60613e-13 
5.52649e-13 
5.22599e-13 
4.83458e-13 
4.70753e-13 
4.45164e-13 
4.36304e-13 
4.17057e-13 
3.89737e-13 
3.85779e-13 
3.5751e-13 
3.3959e-13 
3.12677e-13 
2.81243e-13 
2.72301e-13 
2.55042e-13 
2.48747e-13 
2.32719e-13 
2.12729e-13 
1.8631e-13 
1.7527e-13 
1.53444e-13 
1.41577e-13 
1.31552e-13 
1.28189e-13 
7.63193e-14 
7.38359e-14 
6.6817e-14 
6.34512e-14 
5.79238e-14 
5.3309e-14 
4.808e-14 
4.59282e-14 
4.51871e-14 
4.29525e-14 
4.08234e-14 
4.04786e-14 
3.67582e-14 
3.48544e-14 
3.28622e-14 
3.10306e-14 
2.9244e-14 
2.73364e-14 
2.53508e-14 
2.28101e-14 
2.11954e-14 
1.88976e-14 
1.77471e-14 
1.72325e-14 
1.56884e-14 
1.41718e-14 
1.33294e-14 
1.0787e-14 
