-84.9459 -61.7655 -68.5715 -58.7534 -61.7339 -63.9074 -62.3252 -61.425 -57.5931 -58.971 -61.8166 -63.7953 -66.0749 -62.7935 -62.088 -58.1256 
0 -53.0357 -22.4549 -23.0683 -20.4912 -24.6888 -24.8876 -17.7965 -19.4077 -19.872 -20.8309 -21.4977 -22.2659 -21.1601 -20.9224 -19.5871 
0 0 -45.1037 -18.6143 -7.00433 -10.3261 -9.65354 -10.1835 -11.3897 -11.6622 -12.2249 -12.6162 -13.067 -12.4181 -12.2786 -11.495 
0 0 0 46.1633 7.37523 12.522 14.3444 15.776 10.3816 10.63 11.1429 11.4996 11.9105 11.319 11.1918 10.4776 
0 0 0 0 46.3152 4.45901 12.0829 15.3783 9.28475 9.50688 9.96563 10.2846 10.6521 10.1231 10.0094 9.37059 
0 0 0 0 0 -41.9948 -15.7645 -5.66631 -5.69471 -5.83095 -6.11232 -6.30797 -6.53337 -6.20891 -6.13915 -5.74736 
0 0 0 0 0 0 -45.2453 -9.15028 -5.34962 -5.4776 -5.74192 -5.92572 -6.13746 -5.83266 -5.76713 -5.39908 
0 0 0 0 0 0 0 -41.3481 -3.52612 -3.61048 -3.7847 -3.90584 -4.04541 -3.84451 -3.80132 -3.55872 
0 0 0 0 0 0 0 0 -42.3716 -3.54755 -3.80619 -2.0085 -2.3491 -1.24967 -3.77268 -0.215989 
0 0 0 0 0 0 0 0 0 40.0085 3.85762 4.23465 5.23103 2.29049 2.5093 -4.8632 
0 0 0 0 0 0 0 0 0 0 -42.5002 -5.49802 -3.30923 -2.84657 -3.301 -2.9076 
0 0 0 0 0 0 0 0 0 0 0 42.04 -2.79326 3.18269 2.61084 12.8805 
0 0 0 0 0 0 0 0 0 0 0 0 -42.7186 -1.98139 -3.71114 -4.56621 
0 0 0 0 0 0 0 0 0 0 0 0 0 -42.1116 0.585957 -1.98112 
0 0 0 0 0 0 0 0 0 0 0 0 0 0 -43.5285 -1.23515 
0 0 0 0 0 0 0 0 0 0 0 0 0 0 0 39.5368 
