-120.132 -87.3496 -96.9748 -83.0899 -87.3049 -90.3788 -88.1412 -86.8681 -87.8175 -93.0309 -88.4716 -89.7766 -88.0846 -90.484 -85.5673 -83.5657 -82.4233 -88.821 -91.1237 -85.0038 -89.8344 -88.3677 -90.0168 -92.2448 -89.3721 -85.0929 -89.5773 -85.5339 -91.9443 -89.4797 -90.8753 -89.406 
0 -75.0038 -31.7561 -32.6235 -28.979 -34.9153 -35.1964 -25.168 -31.3989 -29.2016 -14.2973 -41.0843 -24.4918 -30.5372 -26.1333 -33.5607 -27.775 -29.9309 -30.7068 -28.6446 -30.2724 -29.7781 -30.3338 -31.0846 -30.1166 -28.6746 -30.1857 -28.8232 -30.9834 -30.1528 -30.6231 -30.128 
0 0 -63.7863 -26.3246 -9.90562 -14.6033 -13.6522 -14.4017 -18.0351 -15.4221 -18.4224 -17.4637 -20.6948 -20.631 -32.3127 -17.6504 -16.3001 -17.5653 -18.0207 -16.8105 -17.7658 -17.4757 -17.8018 -18.2424 -17.6743 -16.8281 -17.7149 -16.9153 -18.183 -17.6956 -17.9716 -17.681 
0 0 0 65.2848 10.4301 17.7088 20.286 22.3106 5.94466 25.651 12.5035 11.4491 24.9586 8.78775 16.7276 8.83665 14.8574 16.0107 16.4258 15.3226 16.1934 15.929 16.2262 16.6278 16.11 15.3387 16.147 15.4182 16.5737 16.1294 16.381 16.1161 
0 0 0 0 -65.4995 -6.306 -17.0878 -21.7482 -8.92977 -19.891 -5.49627 -3.46008 -18.1746 -14.0393 -6.18116 -20.6023 -13.2877 -14.3191 -14.6903 -13.7037 -14.4825 -14.246 -14.5119 -14.871 -14.4079 -13.7181 -14.441 -13.7892 -14.8226 -14.4253 -14.6503 -14.4134 
0 0 0 0 0 59.3896 22.2944 8.01337 14.5913 14.5192 2.75723 17.5542 7.26775 9.47087 6.16115 5.62877 8.14987 8.78247 9.01015 8.40503 8.88267 8.73765 8.9007 9.121 8.83696 8.41384 8.85724 8.45745 9.09129 8.8476 8.98559 8.8403 
0 0 0 0 0 0 -63.9865 -12.9405 -2.67074 -2.65515 -5.80469 -10.1915 -1.46669 -11.1331 -16.3003 -11.2442 -7.656 -8.25027 -8.46415 -7.8957 -8.3444 -8.20816 -8.36133 -8.56828 -8.30146 -7.90398 -8.32051 -7.94494 -8.54037 -8.31145 -8.44108 -8.3046 
0 0 0 0 0 0 0 -58.4751 -4.38787 -3.02085 -6.69304 1.59742 -3.7294 -3.10725 3.07103 -7.1399 -5.04634 -5.43804 -5.57902 -5.20433 -5.50008 -5.41028 -5.51124 -5.64765 -5.47178 -5.20978 -5.48434 -5.23678 -5.62926 -5.47836 -5.56381 -5.47385 
0 0 0 0 0 0 0 0 56.9801 12.5654 6.45541 9.75056 12.8682 13.1673 4.46205 7.6846 5.14121 5.54027 5.6839 5.30217 5.60348 5.512 5.61486 5.75383 5.57465 5.30773 5.58744 5.33524 5.73509 5.58136 5.66841 5.57676 
0 0 0 0 0 0 0 0 0 -56.364 2.64549 -1.95527 -14.7015 -4.8082 -1.54765 -11.0989 -5.06755 -5.4609 -5.60247 -5.22621 -5.5232 -5.43303 -5.53441 -5.67139 -5.49478 -5.23169 -5.50739 -5.2588 -5.65292 -5.50139 -5.58719 -5.49686 
0 0 0 0 0 0 0 0 0 0 -61.3986 -19.7761 -9.5256 -9.31774 -10.2505 -3.59702 -6.06788 -6.53887 -6.70839 -6.25786 -6.61348 -6.5055 -6.6269 -6.79092 -6.57945 -6.26442 -6.59455 -6.29688 -6.7688 -6.58736 -6.6901 -6.58193 
0 0 0 0 0 0 0 0 0 0 0 56.6917 -2.80633 -3.75957 7.61646 10.3525 5.50904 5.93665 6.09056 5.68152 6.00438 5.90635 6.01657 6.16549 5.97349 5.68747 5.9872 5.71695 6.1454 5.98067 6.07395 5.97575 
0 0 0 0 0 0 0 0 0 0 0 0 -56.66 -11.5289 -7.08522 -11.1455 -0.929205 -1.00133 -1.02729 -0.958297 -1.01275 -0.99622 -1.01481 -1.03993 -1.00754 -0.959301 -1.00986 -0.964273 -1.03654 -1.00876 -1.02449 -1.00792 
0 0 0 0 0 0 0 0 0 0 0 0 0 -52.0194 -0.392993 -1.62146 -2.15411 -2.32132 -2.3815 -2.22156 -2.3478 -2.30947 -2.35257 -2.4108 -2.33572 -2.22388 -2.34108 -2.23541 -2.40294 -2.33853 -2.375 -2.3366 
0 0 0 0 0 0 0 0 0 0 0 0 0 0 57.3578 -1.24355 2.62204 2.82557 2.89882 2.70414 2.85781 2.81115 2.86361 2.93448 2.8431 2.70697 2.84963 2.721 2.92492 2.84652 2.89092 2.84418 
0 0 0 0 0 0 0 0 0 0 0 0 0 0 0 54.2112 2.92127 3.14802 3.22963 3.01273 3.18394 3.13195 3.1904 3.26936 3.16755 3.01589 3.17482 3.03152 3.25871 3.17136 3.22083 3.16875 
0 0 0 0 0 0 0 0 0 0 0 0 0 0 0 0 -57.1804 -3.29532 -0.661545 3.18113 -8.94141 -0.670084 -8.4243 -6.04622 -2.99971 -1.91419 -6.72875 -1.41217 -0.849702 2.89058 -2.63112 -3.05176 
0 0 0 0 0 0 0 0 0 0 0 0 0 0 0 0 0 59.025 2.68052 9.34345 -0.346878 5.7468 3.62517 5.84144 -1.72634 1.03851 3.83486 1.79857 -2.52114 3.3596 -2.93202 -1.58695 
0 0 0 0 0 0 0 0 0 0 0 0 0 0 0 0 0 0 -59.216 -2.3687 -5.0071 -2.52087 -1.40377 -10.3648 -5.23918 -5.34852 -1.93724 -4.61689 -2.3754 -3.56789 -5.53926 -3.92 
0 0 0 0 0 0 0 0 0 0 0 0 0 0 0 0 0 0 0 59.0944 2.63746 1.06979 2.34472 1.84826 5.49856 2.40361 4.64386 3.97797 -0.364401 1.90099 6.32012 2.4843 
0 0 0 0 0 0 0 0 0 0 0 0 0 0 0 0 0 0 0 0 -58.8163 -0.83477 1.90748 -0.351973 -2.92274 -5.78905 -4.67573 -3.00223 -7.57655 1.54065 -4.45935 -6.30718 
0 0 0 0 0 0 0 0 0 0 0 0 0 0 0 0 0 0 0 0 0 -56.1496 -4.66401 1.92575 -4.24381 -2.63911 -0.43027 0.270831 -3.31204 -2.6618 2.4462 -3.21953 
0 0 0 0 0 0 0 0 0 0 0 0 0 0 0 0 0 0 0 0 0 0 -56.9515 -1.07537 -6.54174 0.326035 -3.65184 -6.75954 -3.04964 -6.15328 -4.37161 -3.01745 
0 0 0 0 0 0 0 0 0 0 0 0 0 0 0 0 0 0 0 0 0 0 0 55.4248 -1.83805 -0.535524 1.24303 0.125651 -0.741925 3.2683 2.59878 0.866527 
0 0 0 0 0 0 0 0 0 0 0 0 0 0 0 0 0 0 0 0 0 0 0 0 -59.1702 2.55245 0.770011 -1.05973 -1.38122 1.45923 -2.21903 -3.21403 
0 0 0 0 0 0 0 0 0 0 0 0 0 0 0 0 0 0 0 0 0 0 0 0 0 56.9369 0.614404 2.24024 4.45672 4.39208 1.49889 -0.100146 
0 0 0 0 0 0 0 0 0 0 0 0 0 0 0 0 0 0 0 0 0 0 0 0 0 0 -58.2812 0.226427 -1.76165 -3.90797 -4.3636 1.9517 
0 0 0 0 0 0 0 0 0 0 0 0 0 0 0 0 0 0 0 0 0 0 0 0 0 0 0 -60.1063 -1.2 -1.14526 -0.56951 -6.81424 
0 0 0 0 0 0 0 0 0 0 0 0 0 0 0 0 0 0 0 0 0 0 0 0 0 0 0 0 57.426 3.34334 -0.793906 1.74543 
0 0 0 0 0 0 0 0 0 0 0 0 0 0 0 0 0 0 0 0 0 0 0 0 0 0 0 0 0 59.8367 -2.65519 2.69406 
0 0 0 0 0 0 0 0 0 0 0 0 0 0 0 0 0 0 0 0 0 0 0 0 0 0 0 0 0 0 55.1252 -1.27704 
0 0 0 0 0 0 0 0 0 0 0 0 0 0 0 0 0 0 0 0 0 0 0 0 0 0 0 0 0 0 0 56.8298 
