-84.9459 -61.7655 -68.5715 -58.7534 -61.7339 -63.9074 -62.3252 -61.425 -62.0964 -65.7828 -62.5589 -63.4816 -62.2852 -63.9819 -60.5052 -59.0899 -57.5931 -58.971 -61.8166 -63.7953 -66.0749 -62.7935 -62.088 -58.1256 -66.2613 -60.7838 -64.4149 -60.556 -64.9025 -62.4005 -66.0428 -64.411 
0 -53.0357 -22.4549 -23.0683 -20.4912 -24.6888 -24.8876 -17.7965 -22.2024 -20.6486 -10.1097 -29.051 -17.3183 -21.5931 -18.4791 -23.731 -19.4077 -19.872 -20.8309 -21.4977 -22.2659 -21.1601 -20.9224 -19.5871 -22.3287 -20.4829 -21.7065 -20.4061 -21.8708 -21.0277 -22.2551 -21.7052 
0 0 -45.1037 -18.6143 -7.00433 -10.3261 -9.65354 -10.1835 -12.7528 -10.9051 -13.0266 -12.3487 -14.6334 -14.5884 -22.8485 -12.4807 -11.3897 -11.6622 -12.2249 -12.6162 -13.067 -12.4181 -12.2786 -11.495 -13.1039 -12.0207 -12.7388 -11.9756 -12.8352 -12.3404 -13.0607 -12.738 
0 0 0 46.1633 7.37523 12.522 14.3444 15.776 4.20351 18.138 8.84132 8.09572 17.6484 6.21388 11.8282 6.24845 10.3816 10.63 11.1429 11.4996 11.9105 11.319 11.1918 10.4776 11.9441 10.9567 11.6113 10.9157 11.6992 11.2482 11.9047 11.6106 
0 0 0 0 46.3152 4.45901 12.0829 15.3783 6.3143 14.0651 3.88645 2.44664 12.8514 9.9273 4.37074 14.568 9.28475 9.50688 9.96563 10.2846 10.6521 10.1231 10.0094 9.37059 10.6822 9.79913 10.3845 9.7624 10.4631 10.0598 10.6469 10.3839 
0 0 0 0 0 -41.9948 -15.7645 -5.66631 -10.3176 -10.2666 -1.94965 -12.4127 -5.13908 -6.69692 -4.35659 -3.98014 -5.69471 -5.83095 -6.11232 -6.30797 -6.53337 -6.20891 -6.13915 -5.74736 -6.5518 -6.01019 -6.36923 -5.98767 -6.41744 -6.17005 -6.5302 -6.36885 
0 0 0 0 0 0 -45.2453 -9.15028 -1.8885 -1.87747 -4.10454 -7.20651 -1.03711 -7.8723 -11.5261 -7.95082 -5.34962 -5.4776 -5.74192 -5.92572 -6.13746 -5.83266 -5.76713 -5.39908 -6.15477 -5.64599 -5.98326 -5.62483 -6.02856 -5.79615 -6.13448 -5.98291 
0 0 0 0 0 0 0 -41.3481 -3.10269 -2.13606 -4.73269 1.12955 -2.63708 -2.19716 2.17155 -5.04867 -3.52612 -3.61048 -3.7847 -3.90584 -4.04541 -3.84451 -3.80132 -3.55872 -4.05682 -3.72147 -3.94378 -3.70752 -3.97363 -3.82044 -4.04345 -3.94354 
0 0 0 0 0 0 0 0 -40.291 -8.88509 -4.56466 -6.89469 -9.09918 -9.31068 -3.15515 -5.43383 -3.59241 -3.67836 -3.85585 -3.97928 -4.12146 -3.91679 -3.87278 -3.62562 -4.13309 -3.79143 -4.01792 -3.77722 -4.04834 -3.89227 -4.11946 -4.01768 
0 0 0 0 0 0 0 0 0 39.8553 -1.87065 1.38258 10.3955 3.39991 1.09436 7.84812 3.54094 3.62566 3.80061 3.92226 4.06241 3.86067 3.8173 3.57368 4.07388 3.73711 3.96035 3.7231 3.99034 3.83651 4.06044 3.96012 
0 0 0 0 0 0 0 0 0 0 -43.4154 -13.9838 -6.73562 -6.58864 -7.24817 -2.54348 -4.23992 -4.34136 -4.55085 -4.69652 -4.86433 -4.62277 -4.57083 -4.27912 -4.87806 -4.47481 -4.74213 -4.45804 -4.77803 -4.59383 -4.86197 -4.74184 
0 0 0 0 0 0 0 0 0 0 0 40.0871 -1.98437 -2.65842 5.38565 7.32034 3.84943 3.94152 4.13172 4.26397 4.41633 4.19702 4.14986 3.88502 4.4288 4.06269 4.30538 4.04746 4.33797 4.17074 4.41419 4.30512 
0 0 0 0 0 0 0 0 0 0 0 0 40.0647 8.15219 5.01001 7.88108 0.64928 0.664814 0.696894 0.719201 0.744899 0.707907 0.699953 0.655283 0.747001 0.68525 0.726185 0.682682 0.731683 0.703476 0.744538 0.726142 
0 0 0 0 0 0 0 0 0 0 0 0 0 36.7833 0.277888 1.14655 1.50518 1.54119 1.61556 1.66728 1.72685 1.64109 1.62266 1.5191 1.73172 1.58857 1.68347 1.58262 1.69621 1.63082 1.72601 1.68337 
0 0 0 0 0 0 0 0 0 0 0 0 0 0 40.5581 -0.87932 1.83215 1.87598 1.96651 2.02945 2.10197 1.99758 1.97514 1.84909 2.1079 1.93365 2.04916 1.9264 2.06467 1.98508 2.10095 2.04904 
0 0 0 0 0 0 0 0 0 0 0 0 0 0 0 38.3331 2.04123 2.09007 2.19092 2.26105 2.34184 2.22555 2.20054 2.0601 2.34845 2.15432 2.28301 2.14624 2.30029 2.21161 2.34071 2.28287 
0 0 0 0 0 0 0 0 0 0 0 0 0 0 0 0 41.556 1.93061 2.11295 0.223384 0.505469 -0.521694 2.07101 -1.44216 9.05475 2.35806 0.299951 3.18855 5.78917 0.011767 2.3253 0.453144 
0 0 0 0 0 0 0 0 0 0 0 0 0 0 0 0 0 39.2145 2.2577 2.51136 3.4741 0.526949 0.872685 -6.67493 4.10791 3.44702 -1.18327 0.587249 1.13257 6.20354 -4.06029 6.36576 
0 0 0 0 0 0 0 0 0 0 0 0 0 0 0 0 0 0 -41.7997 -4.07 -1.83167 -1.30101 -1.88479 -1.18672 2.81204 -4.07972 1.39016 -0.18466 -2.34105 -5.19343 -2.61147 2.48887 
0 0 0 0 0 0 0 0 0 0 0 0 0 0 0 0 0 0 0 41.3842 -4.24423 1.75168 1.30603 11.4308 4.87808 1.91217 4.09232 9.74786 4.36096 2.30709 -0.139786 6.18295 
0 0 0 0 0 0 0 0 0 0 0 0 0 0 0 0 0 0 0 0 -41.8656 -0.428832 -2.32908 -3.21929 -5.99094 3.48628 -1.09359 -0.155839 1.63983 -2.69946 -8.07628 -1.71999 
0 0 0 0 0 0 0 0 0 0 0 0 0 0 0 0 0 0 0 0 0 -41.4184 1.80419 -0.854095 -1.42093 -0.933404 -5.5751 -2.87909 -3.03078 -3.71966 -3.56179 -6.95458 
0 0 0 0 0 0 0 0 0 0 0 0 0 0 0 0 0 0 0 0 0 0 -42.9948 -0.293133 -2.29983 -4.35453 -2.90312 2.41404 -2.53323 -0.439767 0.207688 -2.24109 
0 0 0 0 0 0 0 0 0 0 0 0 0 0 0 0 0 0 0 0 0 0 0 -39.0885 -3.36427 0.0611938 -2.29057 2.91221 1.06738 -0.432907 -2.72488 -3.04144 
0 0 0 0 0 0 0 0 0 0 0 0 0 0 0 0 0 0 0 0 0 0 0 0 40.1958 5.04619 -0.683287 1.41458 -0.463107 3.18648 0.388148 5.42893 
0 0 0 0 0 0 0 0 0 0 0 0 0 0 0 0 0 0 0 0 0 0 0 0 0 40.7021 -0.214322 0.105282 2.37154 -3.49877 -1.65051 -0.302824 
0 0 0 0 0 0 0 0 0 0 0 0 0 0 0 0 0 0 0 0 0 0 0 0 0 0 -38.5805 -3.04835 0.71933 2.57469 -0.506929 -6.59368 
0 0 0 0 0 0 0 0 0 0 0 0 0 0 0 0 0 0 0 0 0 0 0 0 0 0 0 38.6073 1.34448 6.41012 3.49781 -5.18287 
0 0 0 0 0 0 0 0 0 0 0 0 0 0 0 0 0 0 0 0 0 0 0 0 0 0 0 0 -39.5796 -6.28016 -3.29933 -3.17762 
0 0 0 0 0 0 0 0 0 0 0 0 0 0 0 0 0 0 0 0 0 0 0 0 0 0 0 0 0 38.7459 3.99725 -1.57569 
0 0 0 0 0 0 0 0 0 0 0 0 0 0 0 0 0 0 0 0 0 0 0 0 0 0 0 0 0 0 -38.6343 0.489699 
0 0 0 0 0 0 0 0 0 0 0 0 0 0 0 0 0 0 0 0 0 0 0 0 0 0 0 0 0 0 0 -36.665 
