-120.132 -87.3496 -96.9748 -83.0899 -87.3049 -90.3788 -88.1412 -86.8681 -82.4233 -88.821 -91.1237 -85.0038 -89.8344 -88.3677 -90.0168 -92.2448 
0 -75.0038 -31.7561 -32.6235 -28.979 -34.9153 -35.1964 -25.168 -27.775 -29.9309 -30.7068 -28.6446 -30.2724 -29.7781 -30.3338 -31.0846 
0 0 -63.7863 -26.3246 -9.90562 -14.6033 -13.6522 -14.4017 -16.3001 -17.5653 -18.0207 -16.8105 -17.7658 -17.4757 -17.8018 -18.2424 
0 0 0 65.2848 10.4301 17.7088 20.286 22.3106 14.8574 16.0107 16.4258 15.3226 16.1934 15.929 16.2262 16.6278 
0 0 0 0 65.4995 6.306 17.0878 21.7482 13.2877 14.3191 14.6903 13.7037 14.4825 14.246 14.5119 14.871 
0 0 0 0 0 -59.3896 -22.2944 -8.01337 -8.14987 -8.78247 -9.01015 -8.40503 -8.88267 -8.73765 -8.9007 -9.121 
0 0 0 0 0 0 -63.9865 -12.9405 -7.656 -8.25027 -8.46415 -7.8957 -8.3444 -8.20816 -8.36133 -8.56828 
0 0 0 0 0 0 0 -58.4751 -5.04634 -5.43804 -5.57902 -5.20433 -5.50008 -5.41028 -5.51124 -5.64765 
0 0 0 0 0 0 0 0 -58.3934 -5.81407 -3.30207 0.639036 -11.3724 -3.23016 -10.8713 -8.60755 
0 0 0 0 0 0 0 0 0 60.198 5.12012 11.6372 1.78627 8.05015 5.70655 8.03593 
0 0 0 0 0 0 0 0 0 0 -60.4019 -4.39682 -7.01493 -4.62584 -3.35371 -12.2067 
0 0 0 0 0 0 0 0 0 0 0 59.9093 4.16053 2.73425 3.88343 3.15882 
0 0 0 0 0 0 0 0 0 0 0 0 -59.4891 -2.30998 0.530247 -1.5045 
0 0 0 0 0 0 0 0 0 0 0 0 0 -56.9749 -6.16069 0.613753 
0 0 0 0 0 0 0 0 0 0 0 0 0 0 -57.5529 -2.1872 
0 0 0 0 0 0 0 0 0 0 0 0 0 0 0 55.9369 
