-84.9459 -61.7655 -68.5715 -58.7534 -61.7339 -63.9074 -62.3252 -61.425 -62.0964 -65.7828 -62.5589 -63.4816 -62.2852 -63.9819 -60.5052 -59.0899 -63.1223 -64.1338 -65.8481 -64.1879 -60.7545 -62.3043 -68.6661 -65.3711 -63.1144 -61.8658 -61.5959 -66.3275 -63.0414 -66.6427 -62.5669 -61.2889 -57.5931 -58.971 -61.8166 -63.7953 -66.0749 -62.7935 -62.088 -58.1256 -66.2613 -60.7838 -64.4149 -60.556 -64.9025 -62.4005 -66.0428 -64.411 -64.02 -62.3712 -57.344 -62.9956 -62.9482 -63.7332 -62.386 -58.5773 -65.2233 -64.8056 -61.6179 -64.9255 -64.318 -64.1991 -62.1176 -64.3216 
0 -53.0357 -22.4549 -23.0683 -20.4912 -24.6888 -24.8876 -17.7965 -22.2024 -20.6486 -10.1097 -29.051 -17.3183 -21.5931 -18.4791 -23.731 -21.996 -20.4374 -18.7775 -23.5978 -18.2215 -18.1769 -25.4278 -21.0969 -18.956 -21.1366 -20.2438 -20.8265 -24.7534 -16.3169 -11.5915 -18.1965 -19.4077 -19.872 -20.8309 -21.4977 -22.2659 -21.1601 -20.9224 -19.5871 -22.3287 -20.4829 -21.7065 -20.4061 -21.8708 -21.0277 -22.2551 -21.7052 -21.5735 -21.0178 -19.3238 -21.2282 -21.2123 -21.4768 -21.0228 -19.7394 -21.9789 -21.8382 -20.764 -21.8786 -21.6739 -21.6338 -20.9324 -21.6751 
0 0 -45.1037 -18.6143 -7.00433 -10.3261 -9.65354 -10.1835 -12.7528 -10.9051 -13.0266 -12.3487 -14.6334 -14.5884 -22.8485 -12.4807 -12.5769 -11.76 -14.5795 -15.0437 -13.8439 -18.8831 -6.97254 -9.78266 -4.15324 -12.7991 -15.9783 -12.0909 -17.1588 -5.9671 -11.8175 -10.9095 -11.3897 -11.6622 -12.2249 -12.6162 -13.067 -12.4181 -12.2786 -11.495 -13.1039 -12.0207 -12.7388 -11.9756 -12.8352 -12.3404 -13.0607 -12.738 -12.6607 -12.3346 -11.3404 -12.4581 -12.4487 -12.6039 -12.3375 -11.5843 -12.8986 -12.816 -12.1856 -12.8397 -12.7196 -12.6961 -12.2844 -12.7203 
0 0 0 46.1633 7.37523 12.522 14.3444 15.776 4.20351 18.138 8.84132 8.09572 17.6484 6.21388 11.8282 6.24845 9.10331 7.63769 12.3059 12.846 9.81943 13.2802 19.8098 11.9868 12.5611 12.1341 8.89273 3.90649 11.3862 12.2563 9.0029 10.7784 10.3816 10.63 11.1429 11.4996 11.9105 11.319 11.1918 10.4776 11.9441 10.9567 11.6113 10.9157 11.6992 11.2482 11.9047 11.6106 11.5401 11.2429 10.3367 11.3555 11.3469 11.4884 11.2456 10.559 11.757 11.6817 11.1071 11.7033 11.5938 11.5724 11.1972 11.5945 
0 0 0 0 46.3152 4.45901 12.0829 15.3783 6.3143 14.0651 3.88645 2.44664 12.8514 9.9273 4.37074 14.568 2.05004 16.4355 13.4919 5.68634 11.4672 8.66411 9.61665 14.0257 16.2679 3.43273 3.24546 13.366 16.6735 11.964 11.6628 13.3077 9.28475 9.50688 9.96563 10.2846 10.6521 10.1231 10.0094 9.37059 10.6822 9.79913 10.3845 9.7624 10.4631 10.0598 10.6469 10.3839 10.3209 10.055 9.24458 10.1557 10.1481 10.2746 10.0574 9.44341 10.5148 10.4475 9.9336 10.4668 10.3689 10.3497 10.0141 10.3695 
0 0 0 0 0 -41.9948 -15.7645 -5.66631 -10.3176 -10.2666 -1.94965 -12.4127 -5.13908 -6.69692 -4.35659 -3.98014 -8.19804 -1.56192 -3.5746 0.360959 -8.23563 -7.22976 -10.4178 -12.173 1.01328 -6.98876 -6.6091 -3.05467 -9.14853 -11.3616 -11.9266 1.71419 -5.69471 -5.83095 -6.11232 -6.30797 -6.53337 -6.20891 -6.13915 -5.74736 -6.5518 -6.01019 -6.36923 -5.98767 -6.41744 -6.17005 -6.5302 -6.36885 -6.33019 -6.16716 -5.67007 -6.2289 -6.22421 -6.30182 -6.16861 -5.79202 -6.44917 -6.40786 -6.09267 -6.41972 -6.35965 -6.34789 -6.14208 -6.36 
0 0 0 0 0 0 -45.2453 -9.15028 -1.8885 -1.87747 -4.10454 -7.20651 -1.03711 -7.8723 -11.5261 -7.95082 -8.52304 -5.35695 -4.07362 -6.04006 -4.93443 -6.49801 -2.58474 -4.93861 1.33263 -1.52626 -5.81224 -5.66912 -13.8425 -6.67069 -7.40705 -1.2477 -5.34962 -5.4776 -5.74192 -5.92572 -6.13746 -5.83266 -5.76713 -5.39908 -6.15477 -5.64599 -5.98326 -5.62483 -6.02856 -5.79615 -6.13448 -5.98291 -5.94659 -5.79344 -5.32647 -5.85144 -5.84703 -5.91995 -5.79481 -5.44103 -6.05836 -6.01956 -5.72347 -6.03069 -5.97427 -5.96322 -5.76988 -5.9746 
0 0 0 0 0 0 0 -41.3481 -3.10269 -2.13606 -4.73269 1.12955 -2.63708 -2.19716 2.17155 -5.04867 -2.58704 -2.62027 -0.997641 -11.5183 -4.38406 -6.67627 -10.1915 -2.22323 -4.21343 -2.96659 7.25989 3.59781 0.417638 -8.0123 -0.430609 -6.94623 -3.52612 -3.61048 -3.7847 -3.90584 -4.04541 -3.84451 -3.80132 -3.55872 -4.05682 -3.72147 -3.94378 -3.70752 -3.97363 -3.82044 -4.04345 -3.94354 -3.9196 -3.81866 -3.51086 -3.85688 -3.85398 -3.90204 -3.81956 -3.58637 -3.99327 -3.9677 -3.77254 -3.97504 -3.93785 -3.93056 -3.80312 -3.93806 
0 0 0 0 0 0 0 0 -40.291 -8.88509 -4.56466 -6.89469 -9.09918 -9.31068 -3.15515 -5.43383 -5.86454 9.63655 -4.04553 2.14384 -9.77506 -8.35177 3.24909 -3.02785 0.894009 -5.63289 -6.14686 -1.56158 -5.67691 -9.16588 -6.25699 -2.81462 -3.59241 -3.67836 -3.85585 -3.97928 -4.12146 -3.91679 -3.87278 -3.62562 -4.13309 -3.79143 -4.01792 -3.77722 -4.04834 -3.89227 -4.11946 -4.01768 -3.99329 -3.89045 -3.57687 -3.92939 -3.92644 -3.9754 -3.89137 -3.6538 -4.06835 -4.04229 -3.84346 -4.04977 -4.01188 -4.00446 -3.87462 -4.0121 
0 0 0 0 0 0 0 0 0 39.8553 -1.87065 1.38258 10.3955 3.39991 1.09436 7.84812 3.03789 1.73079 2.56198 6.71074 4.99788 6.42786 10.0007 0.0363395 1.78785 4.06258 2.18929 10.4989 5.41266 3.72939 8.542 6.48556 3.54094 3.62566 3.80061 3.92226 4.06241 3.86067 3.8173 3.57368 4.07388 3.73711 3.96035 3.7231 3.99034 3.83651 4.06044 3.96012 3.93608 3.83471 3.52562 3.8731 3.87018 3.91844 3.83561 3.60145 4.01006 3.98438 3.78839 3.99175 3.9544 3.94709 3.81911 3.95462 
0 0 0 0 0 0 0 0 0 0 -43.4154 -13.9838 -6.73562 -6.58864 -7.24817 -2.54348 2.33652 -4.82757 -0.40758 -5.97069 -2.6517 -6.76459 -8.93417 -0.625802 -7.20712 -9.82197 -11.737 -7.95539 -5.02966 -7.31932 -2.59916 -2.16074 -4.23992 -4.34136 -4.55085 -4.69652 -4.86433 -4.62277 -4.57083 -4.27912 -4.87806 -4.47481 -4.74213 -4.45804 -4.77803 -4.59383 -4.86197 -4.74184 -4.71306 -4.59168 -4.22158 -4.63765 -4.63415 -4.69194 -4.59276 -4.31237 -4.80164 -4.77089 -4.53622 -4.77972 -4.735 -4.72624 -4.573 -4.73526 
0 0 0 0 0 0 0 0 0 0 0 40.0871 -1.98437 -2.65842 5.38565 7.32034 -0.288998 6.6559 10.8927 3.80737 1.53626 9.98473 5.05665 -0.567094 -7.40672 7.48149 8.13333 1.29527 1.25995 6.07414 5.19426 6.07772 3.84943 3.94152 4.13172 4.26397 4.41633 4.19702 4.14986 3.88502 4.4288 4.06269 4.30538 4.04746 4.33797 4.17074 4.41419 4.30512 4.27899 4.16879 3.83278 4.21052 4.20735 4.25982 4.16977 3.91521 4.35942 4.3315 4.11844 4.33951 4.29891 4.29096 4.15183 4.29915 
0 0 0 0 0 0 0 0 0 0 0 0 40.0647 8.15219 5.01001 7.88108 0.727715 3.54444 -2.40889 1.75471 -2.24708 7.35683 -0.95671 -3.40667 -0.596514 3.23252 3.06136 10.7557 -5.7874 -4.20042 -0.115568 3.11759 0.64928 0.664814 0.696894 0.719201 0.744899 0.707907 0.699953 0.655283 0.747001 0.68525 0.726185 0.682682 0.731683 0.703476 0.744538 0.726142 0.721734 0.703147 0.646471 0.710186 0.709651 0.7185 0.703312 0.660375 0.735299 0.73059 0.694654 0.731942 0.725093 0.723752 0.700287 0.725133 
0 0 0 0 0 0 0 0 0 0 0 0 0 36.7833 0.277888 1.14655 6.52131 1.67228 -6.33619 0.649353 -5.7445 2.91828 5.48838 -1.75221 0.752249 0.486079 -1.97395 -1.19013 1.06854 0.349781 -0.525943 -2.65009 1.50518 1.54119 1.61556 1.66728 1.72685 1.64109 1.62266 1.5191 1.73172 1.58857 1.68347 1.58262 1.69621 1.63082 1.72601 1.68337 1.67315 1.63006 1.49867 1.64638 1.64514 1.66565 1.63044 1.5309 1.7046 1.69368 1.61037 1.69681 1.68094 1.67783 1.62343 1.68103 
0 0 0 0 0 0 0 0 0 0 0 0 0 0 40.5581 -0.87932 0.788366 -0.456418 -1.58731 3.26783 9.3641 4.85847 0.152326 4.37039 7.09205 -4.28402 11.8017 1.11132 7.59592 0.770209 -6.77993 2.85145 1.83215 1.87598 1.96651 2.02945 2.10197 1.99758 1.97514 1.84909 2.1079 1.93365 2.04916 1.9264 2.06467 1.98508 2.10095 2.04904 2.0366 1.98415 1.82422 2.00401 2.0025 2.02747 1.98462 1.86346 2.07488 2.06159 1.96018 2.0654 2.04608 2.0423 1.97608 2.04619 
0 0 0 0 0 0 0 0 0 0 0 0 0 0 0 38.3331 6.7391 2.86147 4.32908 0.948248 -1.07518 8.41663 1.47782 -3.13978 2.0238 5.74355 -1.40796 0.71201 0.823368 5.03544 2.3847 4.82139 2.04123 2.09007 2.19092 2.26105 2.34184 2.22555 2.20054 2.0601 2.34845 2.15432 2.28301 2.14624 2.30029 2.21161 2.34071 2.28287 2.26902 2.21058 2.0324 2.23271 2.23103 2.25885 2.2111 2.07611 2.31166 2.29686 2.18388 2.30111 2.27958 2.27536 2.20159 2.2797 
0 0 0 0 0 0 0 0 0 0 0 0 0 0 0 0 -42.6978 -1.4276 -0.912219 -9.78346 -5.26187 -10.5586 -5.07221 -7.10558 -7.79684 -2.89609 -3.86988 2.25025 -3.69753 -2.7727 -5.7293 -2.23601 -3.43833 -3.52059 -3.69047 -3.8086 -3.94469 -3.7488 -3.70668 -3.47012 -3.95582 -3.62881 -3.84559 -3.61521 -3.8747 -3.72533 -3.94278 -3.84536 -3.82202 -3.72359 -3.42345 -3.76086 -3.75803 -3.80489 -3.72446 -3.49709 -3.89385 -3.86891 -3.67861 -3.87607 -3.83981 -3.83271 -3.70844 -3.84002 
0 0 0 0 0 0 0 0 0 0 0 0 0 0 0 0 0 -37.3182 -2.2083 4.44406 -0.894987 -0.296278 -0.625603 -2.89475 -2.88439 -2.48374 -1.60693 -3.30406 -1.93773 -0.557394 5.27352 -1.13876 -1.54631 -1.58331 -1.65971 -1.71284 -1.77404 -1.68594 -1.667 -1.56061 -1.77905 -1.63198 -1.72947 -1.62586 -1.74256 -1.67539 -1.77318 -1.72937 -1.71887 -1.6746 -1.53963 -1.69137 -1.69009 -1.71117 -1.675 -1.57274 -1.75118 -1.73996 -1.65438 -1.74318 -1.72687 -1.72368 -1.66779 -1.72697 
0 0 0 0 0 0 0 0 0 0 0 0 0 0 0 0 0 0 -39.0791 -5.11429 -3.04705 -8.36871 -5.52229 -3.16118 1.57204 1.27696 -2.95567 3.56777 -1.47329 -6.21579 -2.50896 1.68653 -0.764237 -0.782521 -0.820281 -0.846538 -0.876786 -0.833244 -0.823882 -0.771303 -0.87926 -0.806576 -0.854759 -0.803553 -0.861229 -0.828028 -0.876361 -0.854708 -0.84952 -0.827641 -0.760931 -0.835926 -0.835297 -0.845713 -0.827836 -0.777297 -0.865487 -0.859943 -0.817645 -0.861534 -0.853474 -0.851895 -0.824275 -0.853521 
0 0 0 0 0 0 0 0 0 0 0 0 0 0 0 0 0 0 0 37.6641 -5.968 8.37547 -0.771204 0.782833 -0.0120615 -0.961784 -2.43155 1.76609 2.64048 -4.40434 0.0740786 -0.791432 0.979624 1.00306 1.05146 1.08512 1.12389 1.06808 1.05608 0.988681 1.12706 1.0339 1.09566 1.03002 1.10395 1.06139 1.12335 1.09559 1.08894 1.0609 0.975386 1.07152 1.07071 1.08406 1.06115 0.996365 1.10941 1.1023 1.04808 1.10434 1.09401 1.09199 1.05658 1.09407 
0 0 0 0 0 0 0 0 0 0 0 0 0 0 0 0 0 0 0 0 -36.6604 -6.71436 -5.06863 -2.45885 0.378026 0.392749 4.21171 -0.880498 3.43981 -8.24755 1.2809 -2.54518 -1.22554 -1.25486 -1.31542 -1.35752 -1.40603 -1.33621 -1.32119 -1.23687 -1.41 -1.29344 -1.37071 -1.28859 -1.38108 -1.32784 -1.40535 -1.37062 -1.3623 -1.32722 -1.22024 -1.34051 -1.3395 -1.3562 -1.32753 -1.24649 -1.38791 -1.37902 -1.31119 -1.38157 -1.36865 -1.36611 -1.32182 -1.36872 
0 0 0 0 0 0 0 0 0 0 0 0 0 0 0 0 0 0 0 0 0 -32.9227 1.43422 6.96786 2.33391 -2.6433 2.61533 3.46959 -2.83393 -4.36196 1.13865 4.0472 0.133618 0.136815 0.143417 0.148007 0.153296 0.145683 0.144046 0.134853 0.153729 0.141021 0.149445 0.140492 0.150576 0.144771 0.153222 0.149436 0.148529 0.144704 0.13304 0.146152 0.146042 0.147863 0.144738 0.135901 0.15132 0.150351 0.142956 0.150629 0.14922 0.148944 0.144115 0.149228 
0 0 0 0 0 0 0 0 0 0 0 0 0 0 0 0 0 0 0 0 0 0 -35.1601 -1.13897 -1.84983 -6.53844 -0.174902 0.0588587 5.71334 -2.42247 -10.2224 -5.60462 -1.38797 -1.42118 -1.48976 -1.53744 -1.59238 -1.5133 -1.4963 -1.40081 -1.59687 -1.46487 -1.55237 -1.45938 -1.56413 -1.50383 -1.59161 -1.55228 -1.54286 -1.50312 -1.38197 -1.51817 -1.51703 -1.53595 -1.50348 -1.41169 -1.57186 -1.56179 -1.48497 -1.56468 -1.55004 -1.54717 -1.49701 -1.55013 
0 0 0 0 0 0 0 0 0 0 0 0 0 0 0 0 0 0 0 0 0 0 0 39.113 3.83604 4.36202 6.85799 8.62948 2.62687 -3.63373 7.83884 5.8244 2.11917 2.16987 2.27457 2.34738 2.43126 2.31052 2.28456 2.13876 2.43812 2.23657 2.37018 2.22819 2.38812 2.29606 2.43008 2.37003 2.35565 2.29498 2.11 2.31796 2.31621 2.34509 2.29552 2.15538 2.39992 2.38455 2.26726 2.38897 2.36661 2.36224 2.28565 2.36674 
0 0 0 0 0 0 0 0 0 0 0 0 0 0 0 0 0 0 0 0 0 0 0 0 -41.0487 -9.71241 -3.74977 -3.68248 -1.44984 -4.07226 -0.310468 -2.73506 -2.87484 -2.94362 -3.08566 -3.18443 -3.29822 -3.13443 -3.09921 -2.90142 -3.30752 -3.03411 -3.21536 -3.02274 -3.2397 -3.11481 -3.29662 -3.21516 -3.19565 -3.11335 -2.8624 -3.14451 -3.14215 -3.18133 -3.11408 -2.92397 -3.25571 -3.23486 -3.07574 -3.24085 -3.21052 -3.20458 -3.10068 -3.2107 
0 0 0 0 0 0 0 0 0 0 0 0 0 0 0 0 0 0 0 0 0 0 0 0 0 33.8633 3.69041 5.69943 2.26954 -0.401338 6.8988 -0.335769 1.77697 1.81949 1.90728 1.96833 2.03867 1.93743 1.91566 1.7934 2.04442 1.87542 1.98745 1.86839 2.00249 1.9253 2.03768 1.98733 1.97527 1.9244 1.76928 1.94366 1.9422 1.96642 1.92485 1.80734 2.01239 1.9995 1.90115 2.0032 1.98446 1.98079 1.91657 1.98457 
0 0 0 0 0 0 0 0 0 0 0 0 0 0 0 0 0 0 0 0 0 0 0 0 0 0 -37.0123 0.0358234 6.2143 3.55669 -2.69384 -1.49338 -0.710204 -0.727195 -0.762285 -0.786686 -0.814796 -0.774332 -0.765632 -0.71677 -0.817095 -0.749549 -0.794325 -0.74674 -0.800339 -0.769485 -0.8144 -0.794278 -0.789457 -0.769125 -0.707131 -0.776824 -0.77624 -0.785919 -0.769306 -0.72234 -0.804295 -0.799143 -0.759836 -0.800622 -0.793131 -0.791664 -0.765997 -0.793175 
0 0 0 0 0 0 0 0 0 0 0 0 0 0 0 0 0 0 0 0 0 0 0 0 0 0 0 -36.3884 -5.92093 -0.637043 9.68186 4.61759 0.0836509 0.0856522 0.0897853 0.0926593 0.0959702 0.0912043 0.0901795 0.0844243 0.096241 0.0882852 0.0935591 0.0879544 0.0942674 0.0906333 0.0959236 0.0935535 0.0929857 0.0905909 0.0832891 0.0914978 0.0914289 0.092569 0.0906123 0.0850804 0.0947334 0.0941266 0.0894968 0.0943008 0.0934185 0.0932457 0.0902224 0.0934236 
0 0 0 0 0 0 0 0 0 0 0 0 0 0 0 0 0 0 0 0 0 0 0 0 0 0 0 0 -37.4196 1.42558 1.09136 -3.23027 -1.52231 -1.55873 -1.63395 -1.68625 -1.7465 -1.65977 -1.64112 -1.53639 -1.75143 -1.60665 -1.70263 -1.60063 -1.71551 -1.64938 -1.74566 -1.70252 -1.69219 -1.64861 -1.51573 -1.66511 -1.66386 -1.68461 -1.649 -1.54833 -1.72399 -1.71295 -1.6287 -1.71612 -1.70007 -1.69692 -1.6419 -1.70016 
0 0 0 0 0 0 0 0 0 0 0 0 0 0 0 0 0 0 0 0 0 0 0 0 0 0 0 0 0 -37.0413 -3.64548 -4.76994 -2.28882 -2.34358 -2.45667 -2.53531 -2.6259 -2.4955 -2.46746 -2.30998 -2.63331 -2.41563 -2.55993 -2.40657 -2.57931 -2.47987 -2.62462 -2.55978 -2.54424 -2.47871 -2.27892 -2.50353 -2.50164 -2.53284 -2.4793 -2.32794 -2.59206 -2.57546 -2.44878 -2.58022 -2.55608 -2.55135 -2.46863 -2.55622 
0 0 0 0 0 0 0 0 0 0 0 0 0 0 0 0 0 0 0 0 0 0 0 0 0 0 0 0 0 0 -36.506 -5.52466 -1.72842 -1.76977 -1.85517 -1.91455 -1.98296 -1.88449 -1.86331 -1.7444 -1.98856 -1.82417 -1.93315 -1.81734 -1.94778 -1.87269 -1.982 -1.93303 -1.9213 -1.87181 -1.72094 -1.89055 -1.88913 -1.91269 -1.87226 -1.75795 -1.95741 -1.94487 -1.84921 -1.94847 -1.93024 -1.92667 -1.8642 -1.93035 
0 0 0 0 0 0 0 0 0 0 0 0 0 0 0 0 0 0 0 0 0 0 0 0 0 0 0 0 0 0 0 34.5201 0.00504626 0.00516699 0.00541632 0.00558969 0.00578942 0.00550191 0.0054401 0.00509291 0.00580576 0.00532582 0.00564397 0.00530586 0.0056867 0.00546747 0.00578661 0.00564363 0.00560938 0.00546491 0.00502443 0.00551962 0.00551547 0.00558424 0.0054662 0.00513249 0.00571481 0.0056782 0.00539891 0.00568871 0.00563549 0.00562506 0.00544269 0.0056358 
0 0 0 0 0 0 0 0 0 0 0 0 0 0 0 0 0 0 0 0 0 0 0 0 0 0 0 0 0 0 0 0 -40.9967 -0.803784 -0.932962 1.02107 0.779716 1.75673 -0.885145 2.59846 -7.88256 -1.20162 0.955577 -2.04789 -4.59899 1.2083 -1.06557 0.800218 -1.18394 1.59417 0.862298 -1.58836 -6.05743 0.233795 -1.05872 1.03686 3.65418 -5.64733 2.41168 -2.1257 -5.32243 -4.70865 2.1274 3.36014 
0 0 0 0 0 0 0 0 0 0 0 0 0 0 0 0 0 0 0 0 0 0 0 0 0 0 0 0 0 0 0 0 0 38.6322 1.06442 1.22608 2.16397 -0.788876 -0.348336 -8.02859 3.05039 2.30027 -2.53493 -0.573866 -0.0357952 4.99687 -5.43074 5.13238 -0.241696 0.599769 -2.6666 1.06036 2.16973 0.858002 1.11648 -1.46587 2.68598 2.29685 1.2215 -4.49554 1.73166 -4.54794 -2.86794 4.13946 
0 0 0 0 0 0 0 0 0 0 0 0 0 0 0 0 0 0 0 0 0 0 0 0 0 0 0 0 0 0 0 0 0 0 -41.2502 -2.9338 -0.655586 -0.0706876 -0.757567 0.183225 3.80005 -3.08904 2.71473 0.91211 -1.27381 -4.19947 -1.28153 3.60834 2.54834 -2.44994 2.21246 2.49817 -1.70796 1.68794 -3.41429 -10.0153 1.64814 -4.65452 0.918198 -0.658141 5.76355 -1.505 2.40538 -1.4717 
0 0 0 0 0 0 0 0 0 0 0 0 0 0 0 0 0 0 0 0 0 0 0 0 0 0 0 0 0 0 0 0 0 0 0 40.8383 -5.47034 0.543559 0.204405 10.2088 3.90285 0.986538 2.78391 8.7673 3.36715 1.39827 -1.45682 5.09602 6.02522 -2.58873 -0.0333517 1.41702 6.236 1.51911 7.90828 -3.96247 0.421423 -4.92997 0.00340273 2.90348 0.94477 -0.971882 2.31158 -2.58288 
0 0 0 0 0 0 0 0 0 0 0 0 0 0 0 0 0 0 0 0 0 0 0 0 0 0 0 0 0 0 0 0 0 0 0 0 -41.1097 0.973514 -1.08141 -2.00368 -5.01709 4.62193 0.379151 0.855205 2.78423 -1.70376 -6.65525 -0.555164 0.0917895 -3.83688 -4.11834 1.98059 -0.602533 -5.81418 -2.15501 -1.52879 -1.93546 -4.87492 -2.06642 0.244696 0.15476 -1.74029 -1.82233 2.55023 
0 0 0 0 0 0 0 0 0 0 0 0 0 0 0 0 0 0 0 0 0 0 0 0 0 0 0 0 0 0 0 0 0 0 0 0 0 40.7571 -2.98622 -0.23878 0.61626 -0.197496 4.27628 1.96178 1.95743 2.87458 2.40029 5.98337 5.45227 5.72418 -2.81884 1.53981 -0.779399 0.758848 1.50083 2.78553 -2.27459 -1.20322 2.85287 0.520731 2.3085 5.61596 2.30055 1.49927 
0 0 0 0 0 0 0 0 0 0 0 0 0 0 0 0 0 0 0 0 0 0 0 0 0 0 0 0 0 0 0 0 0 0 0 0 0 0 42.4532 -0.674752 1.62517 3.40536 1.85099 -3.22929 1.64279 -0.261966 -1.20481 1.49529 5.25489 -2.8528 0.993805 3.70679 0.195866 3.68155 4.50866 0.999456 -2.39607 -1.56556 1.96711 -1.05838 4.16961 0.136455 -0.518735 0.912413 
0 0 0 0 0 0 0 0 0 0 0 0 0 0 0 0 0 0 0 0 0 0 0 0 0 0 0 0 0 0 0 0 0 0 0 0 0 0 0 38.6106 2.76184 -0.954019 1.30591 -3.79179 -1.93697 -0.25618 1.76137 2.36332 2.46988 0.361217 3.24298 0.591661 0.575286 3.94794 0.049052 -0.5272 -3.5917 0.501047 -2.1001 -1.82209 -1.38972 1.47609 -7.4495 3.048 
0 0 0 0 0 0 0 0 0 0 0 0 0 0 0 0 0 0 0 0 0 0 0 0 0 0 0 0 0 0 0 0 0 0 0 0 0 0 0 0 40.0342 4.55108 -1.23791 0.892336 -0.974146 2.80487 -0.146887 5.0811 -0.461891 -0.673499 0.32615 7.64927 7.13477 1.78432 2.15713 -0.168315 3.43181 -0.08048 -1.44011 1.78263 2.28347 0.0471026 4.40568 6.87521 
0 0 0 0 0 0 0 0 0 0 0 0 0 0 0 0 0 0 0 0 0 0 0 0 0 0 0 0 0 0 0 0 0 0 0 0 0 0 0 0 0 40.3554 -1.03357 -0.65136 1.63973 -4.06967 -2.44705 -0.783525 1.32033 2.68921 -0.633736 5.30126 0.571578 -2.56823 -1.20297 -1.2669 2.40392 5.8557 3.06725 -3.45996 3.03379 1.49541 2.36501 2.78051 
0 0 0 0 0 0 0 0 0 0 0 0 0 0 0 0 0 0 0 0 0 0 0 0 0 0 0 0 0 0 0 0 0 0 0 0 0 0 0 0 0 0 -38.062 -2.12879 1.6341 3.3737 0.517018 -6.06891 -4.17914 -3.30358 0.300311 -3.36009 0.749706 3.04395 2.80156 -1.30755 1.47324 -5.99031 0.0748339 -5.388 2.52735 3.75549 3.11352 -2.25241 
0 0 0 0 0 0 0 0 0 0 0 0 0 0 0 0 0 0 0 0 0 0 0 0 0 0 0 0 0 0 0 0 0 0 0 0 0 0 0 0 0 0 0 38.2311 0.562055 5.75573 2.6568 -5.60925 -3.16411 -1.87649 0.217206 1.89189 6.14133 0.38808 0.470512 0.624144 -1.51854 4.75127 0.531633 0.160788 0.220788 -4.17109 0.944189 5.91423 
0 0 0 0 0 0 0 0 0 0 0 0 0 0 0 0 0 0 0 0 0 0 0 0 0 0 0 0 0 0 0 0 0 0 0 0 0 0 0 0 0 0 0 0 -39.1922 -5.74318 -2.5153 -2.72639 -6.9855 3.85589 -2.64813 1.40265 0.940204 -3.5517 -6.65448 3.05068 -0.452302 -1.44355 -6.05102 -6.86696 -2.05973 -1.27165 -0.246914 3.97411 
0 0 0 0 0 0 0 0 0 0 0 0 0 0 0 0 0 0 0 0 0 0 0 0 0 0 0 0 0 0 0 0 0 0 0 0 0 0 0 0 0 0 0 0 0 38.5958 3.53732 -1.84755 -2.49132 0.72725 1.82226 -3.69759 -5.2944 2.78311 3.97707 -0.775198 1.26855 1.29604 -1.84161 -0.194672 -1.17287 1.07265 4.02383 0.953868 
0 0 0 0 0 0 0 0 0 0 0 0 0 0 0 0 0 0 0 0 0 0 0 0 0 0 0 0 0 0 0 0 0 0 0 0 0 0 0 0 0 0 0 0 0 0 -38.3022 0.911069 2.97852 -1.72141 1.97877 2.057 -1.69787 -3.3437 0.725204 3.44974 -0.0507626 1.88703 2.04327 0.0403383 -3.01806 0.613359 -0.726747 2.29497 
0 0 0 0 0 0 0 0 0 0 0 0 0 0 0 0 0 0 0 0 0 0 0 0 0 0 0 0 0 0 0 0 0 0 0 0 0 0 0 0 0 0 0 0 0 0 0 -36.5204 -1.00533 1.50071 4.9998 3.26647 0.418856 0.839541 1.04096 -0.324533 -2.46819 2.57498 -6.73119 -3.75385 -0.714754 -0.227015 -5.65312 2.39698 
0 0 0 0 0 0 0 0 0 0 0 0 0 0 0 0 0 0 0 0 0 0 0 0 0 0 0 0 0 0 0 0 0 0 0 0 0 0 0 0 0 0 0 0 0 0 0 0 -40.154 -3.22334 5.89806 6.15955 -1.67605 -0.285048 3.79481 -2.13595 -0.301255 0.98928 3.34776 -3.9005 -0.881074 3.25148 -2.34989 -4.55244 
0 0 0 0 0 0 0 0 0 0 0 0 0 0 0 0 0 0 0 0 0 0 0 0 0 0 0 0 0 0 0 0 0 0 0 0 0 0 0 0 0 0 0 0 0 0 0 0 0 39.8966 -1.91033 1.59203 1.12721 -3.48281 -0.266664 1.10307 1.95738 0.172843 -1.26765 -1.65114 -3.32606 0.238794 0.953838 1.21533 
0 0 0 0 0 0 0 0 0 0 0 0 0 0 0 0 0 0 0 0 0 0 0 0 0 0 0 0 0 0 0 0 0 0 0 0 0 0 0 0 0 0 0 0 0 0 0 0 0 0 37.4466 3.25923 0.951672 -0.727053 0.0982092 -0.371953 0.476606 -5.5485 1.13455 -1.48697 2.44415 0.917807 2.06034 2.54207 
0 0 0 0 0 0 0 0 0 0 0 0 0 0 0 0 0 0 0 0 0 0 0 0 0 0 0 0 0 0 0 0 0 0 0 0 0 0 0 0 0 0 0 0 0 0 0 0 0 0 0 38.2381 0.798603 0.34782 -0.622396 1.65749 -2.96232 4.53725 -0.0463159 3.96313 3.14633 -1.47282 -6.69179 -4.49916 
0 0 0 0 0 0 0 0 0 0 0 0 0 0 0 0 0 0 0 0 0 0 0 0 0 0 0 0 0 0 0 0 0 0 0 0 0 0 0 0 0 0 0 0 0 0 0 0 0 0 0 0 37.5044 4.01921 0.142356 -2.22049 1.57405 -1.50255 3.08452 3.37193 5.09697 -0.658525 -2.24463 -0.255189 
0 0 0 0 0 0 0 0 0 0 0 0 0 0 0 0 0 0 0 0 0 0 0 0 0 0 0 0 0 0 0 0 0 0 0 0 0 0 0 0 0 0 0 0 0 0 0 0 0 0 0 0 0 40.4927 0.415903 -1.02394 4.62536 0.0491407 0.567136 0.866098 3.12317 -1.1331 -0.203957 -1.23038 
0 0 0 0 0 0 0 0 0 0 0 0 0 0 0 0 0 0 0 0 0 0 0 0 0 0 0 0 0 0 0 0 0 0 0 0 0 0 0 0 0 0 0 0 0 0 0 0 0 0 0 0 0 0 40.7017 0.646164 2.41064 5.91116 0.402826 -0.987764 -1.34259 -2.06098 2.01423 1.81685 
0 0 0 0 0 0 0 0 0 0 0 0 0 0 0 0 0 0 0 0 0 0 0 0 0 0 0 0 0 0 0 0 0 0 0 0 0 0 0 0 0 0 0 0 0 0 0 0 0 0 0 0 0 0 0 39.7796 0.147587 -3.94304 1.35171 -0.529097 -4.85283 0.761584 3.76658 5.50139 
0 0 0 0 0 0 0 0 0 0 0 0 0 0 0 0 0 0 0 0 0 0 0 0 0 0 0 0 0 0 0 0 0 0 0 0 0 0 0 0 0 0 0 0 0 0 0 0 0 0 0 0 0 0 0 0 37.9811 4.84183 -1.73647 0.0117975 -0.976049 2.9639 3.90674 2.85695 
0 0 0 0 0 0 0 0 0 0 0 0 0 0 0 0 0 0 0 0 0 0 0 0 0 0 0 0 0 0 0 0 0 0 0 0 0 0 0 0 0 0 0 0 0 0 0 0 0 0 0 0 0 0 0 0 0 -37.2136 -0.907266 -3.40206 -1.57134 1.33627 4.46822 5.20575 
0 0 0 0 0 0 0 0 0 0 0 0 0 0 0 0 0 0 0 0 0 0 0 0 0 0 0 0 0 0 0 0 0 0 0 0 0 0 0 0 0 0 0 0 0 0 0 0 0 0 0 0 0 0 0 0 0 0 -41.688 -1.46037 3.32554 -0.412545 -0.325994 4.44714 
0 0 0 0 0 0 0 0 0 0 0 0 0 0 0 0 0 0 0 0 0 0 0 0 0 0 0 0 0 0 0 0 0 0 0 0 0 0 0 0 0 0 0 0 0 0 0 0 0 0 0 0 0 0 0 0 0 0 0 -38.7384 6.13816 2.92599 -1.08653 -2.82289 
0 0 0 0 0 0 0 0 0 0 0 0 0 0 0 0 0 0 0 0 0 0 0 0 0 0 0 0 0 0 0 0 0 0 0 0 0 0 0 0 0 0 0 0 0 0 0 0 0 0 0 0 0 0 0 0 0 0 0 0 -35.8396 -3.88141 0.212398 3.42639 
0 0 0 0 0 0 0 0 0 0 0 0 0 0 0 0 0 0 0 0 0 0 0 0 0 0 0 0 0 0 0 0 0 0 0 0 0 0 0 0 0 0 0 0 0 0 0 0 0 0 0 0 0 0 0 0 0 0 0 0 0 -37.0131 0.737602 0.0814422 
0 0 0 0 0 0 0 0 0 0 0 0 0 0 0 0 0 0 0 0 0 0 0 0 0 0 0 0 0 0 0 0 0 0 0 0 0 0 0 0 0 0 0 0 0 0 0 0 0 0 0 0 0 0 0 0 0 0 0 0 0 0 -37.4669 -2.82684 
0 0 0 0 0 0 0 0 0 0 0 0 0 0 0 0 0 0 0 0 0 0 0 0 0 0 0 0 0 0 0 0 0 0 0 0 0 0 0 0 0 0 0 0 0 0 0 0 0 0 0 0 0 0 0 0 0 0 0 0 0 0 0 -35.2594 
