403.168 
43.9383 
43.5311 
41.818 
41.8124 
39.5709 
39.3131 
39.0858 
38.8523 
37.7157 
36.6888 
36.4681 
35.8622 
35.0668 
34.8206 
34.736 
34.5985 
34.1628 
32.9095 
32.7766 
32.1395 
31.4636 
31.1602 
30.662 
30.2728 
29.6825 
29.3707 
28.6163 
28.4142 
27.7483 
27.4393 
26.9447 
26.5231 
26.2766 
26.1844 
25.3505 
24.8058 
24.7466 
24.1247 
24.0496 
23.5856 
23.1467 
22.879 
22.4343 
22.061 
21.9415 
21.627 
21.4686 
20.8029 
20.1921 
19.5778 
19.4684 
19.1582 
18.6863 
18.171 
17.7602 
17.289 
16.7079 
16.2704 
15.676 
15.2745 
14.8211 
13.8579 
12.7175 
