-60.0658 -43.6748 -48.4874 -41.545 -43.6525 -45.1894 -44.0706 -43.434 -43.9088 -46.5154 -44.2358 -44.8883 -44.0423 -45.242 -42.7837 -41.7829 -44.6342 -45.3495 -46.5616 -45.3877 -42.9599 -44.0558 -48.5543 -46.2243 -44.6286 -43.7457 -43.5549 -46.9006 -44.577 -47.1235 -44.2415 -43.3378 -39.0985 -42.3505 -39.003 -44.3946 -41.8286 -45.5933 -46.7141 -43.5061 -46.712 -46.732 -43.4817 -45.3217 -48.1133 -39.6924 -45.7056 -36.4964 -50.5779 -43.1297 -43.0301 -42.9311 -45.9931 -45.1032 -42.3522 -43.2869 -46.9416 -44.8444 -43.7692 -44.4784 -45.926 -47.4726 -45.9275 -45.1634 
0 -37.5019 -15.878 -16.3118 -14.4895 -17.4576 -17.5982 -12.584 -15.6995 -14.6008 -7.14866 -20.5421 -12.2459 -15.2686 -13.0667 -16.7804 -15.5535 -14.4514 -13.2777 -16.6862 -12.8845 -12.853 -17.9802 -14.9178 -13.4039 -14.9458 -14.3145 -14.7266 -17.5033 -11.5378 -8.19646 -12.8669 -13.1754 -14.2713 -13.1432 -14.9601 -14.0954 -15.364 -15.7417 -14.6607 -15.741 -15.7477 -14.6525 -15.2725 -16.2132 -13.3755 -15.4018 -12.2986 -17.0437 -14.5338 -14.5003 -14.4669 -15.4987 -15.1989 -14.2718 -14.5868 -15.8184 -15.1116 -14.7493 -14.9883 -15.4761 -15.9973 -15.4766 -15.2192 
0 0 -31.8931 -13.1623 -4.95281 -7.30163 -6.82608 -7.20084 -9.01756 -7.71106 -9.21122 -8.73186 -10.3474 -10.3155 -16.1563 -8.82522 -8.8932 -8.31555 -10.3093 -10.6375 -9.78913 -13.3524 -4.93033 -6.91738 -2.93679 -9.05035 -11.2983 -8.54957 -12.1331 -4.21938 -8.35624 -7.71416 -7.73216 -8.37528 -7.71328 -8.77952 -8.27206 -9.01659 -9.23823 -8.60381 -9.23782 -9.24176 -8.59899 -8.96288 -9.51494 -7.84961 -9.03878 -7.21757 -10.0023 -8.52938 -8.50969 -8.49011 -9.09565 -8.91967 -8.37561 -8.56047 -9.28323 -8.86847 -8.65584 -8.7961 -9.08239 -9.38823 -9.08267 -8.93157 
0 0 0 32.6424 5.21507 8.85442 10.143 11.1553 2.97233 12.8255 6.25175 5.72454 12.4793 4.39388 8.36379 4.41832 6.43701 5.40066 8.70161 9.08346 6.94338 9.39051 14.0076 8.47598 8.88202 8.58007 6.28811 2.7623 8.05128 8.66654 6.36601 7.62145 7.04781 7.634 7.0306 8.00247 7.53992 8.21855 8.42058 7.84231 8.4202 8.4238 7.83792 8.16959 8.6728 7.15486 8.23878 6.57876 9.11706 7.77447 7.75651 7.73867 8.29062 8.13021 7.63431 7.80281 8.46159 8.08354 7.88973 8.01758 8.27853 8.5573 8.27879 8.14106 
0 0 0 0 -32.7498 -3.153 -8.54389 -10.8741 -4.46488 -9.9455 -2.74813 -1.73004 -9.08731 -7.01966 -3.09058 -10.3011 -1.4496 -11.6216 -9.54024 -4.02085 -8.10856 -6.12645 -6.8 -9.9177 -11.5031 -2.42731 -2.29489 -9.45122 -11.7899 -8.45981 -8.24687 -9.40996 -6.30318 -6.82744 -6.28779 -7.15698 -6.7433 -7.35023 -7.53091 -7.01374 -7.53058 -7.53379 -7.00981 -7.30645 -7.75649 -6.39892 -7.36833 -5.88369 -8.15381 -6.95307 -6.93701 -6.92105 -7.41468 -7.27122 -6.82771 -6.97841 -7.56759 -7.22949 -7.05615 -7.17049 -7.40387 -7.65319 -7.4041 -7.28092 
0 0 0 0 0 29.6948 11.1472 4.00669 7.29565 7.25958 1.37861 8.77708 3.63388 4.73544 3.08057 2.81439 5.79689 1.10445 2.52762 -0.255237 5.82347 5.11221 7.36646 8.60761 -0.716494 4.9418 4.67334 2.15998 6.46899 8.03388 8.43341 -1.21212 3.86599 4.18754 3.85655 4.38966 4.13593 4.50819 4.61901 4.30181 4.6188 4.62077 4.2994 4.48133 4.75736 3.92471 4.51929 3.6087 5.00105 4.26459 4.25474 4.24495 4.54772 4.45973 4.18771 4.28014 4.64151 4.43413 4.32782 4.39795 4.54109 4.694 4.54123 4.46568 
0 0 0 0 0 0 -31.9932 -6.47023 -1.33537 -1.32757 -2.90235 -5.09577 -0.733347 -5.56656 -8.15015 -5.62208 -6.0267 -3.78794 -2.88049 -4.27096 -3.48917 -4.59479 -1.82769 -3.49213 0.942309 -1.07923 -4.10987 -4.00867 -9.78814 -4.71689 -5.23757 -0.882254 -3.63172 -3.93378 -3.62285 -4.12365 -3.8853 -4.235 -4.33911 -4.04112 -4.33891 -4.34076 -4.03886 -4.20977 -4.46907 -3.68688 -4.24543 -3.39002 -4.698 -4.00617 -3.99691 -3.98772 -4.27214 -4.18948 -3.93394 -4.02077 -4.36024 -4.16543 -4.06556 -4.13144 -4.26591 -4.40956 -4.26604 -4.19507 
0 0 0 0 0 0 0 -29.2376 -2.19394 -1.51042 -3.34652 0.79871 -1.8647 -1.55362 1.53552 -3.56995 -1.82932 -1.85281 -0.705439 -8.14466 -3.1 -4.72083 -7.20647 -1.57206 -2.97935 -2.0977 5.13352 2.54403 0.295314 -5.66555 -0.304487 -4.91172 -2.39379 -2.59289 -2.38795 -2.71804 -2.56094 -2.79144 -2.86005 -2.66364 -2.85993 -2.86115 -2.66215 -2.77481 -2.94572 -2.43015 -2.79831 -2.23448 -3.09661 -2.6406 -2.6345 -2.62844 -2.81591 -2.76143 -2.593 -2.65023 -2.87398 -2.74558 -2.67975 -2.72317 -2.81181 -2.90649 -2.81189 -2.76511 
0 0 0 0 0 0 0 0 28.49 6.28271 3.2277 4.87528 6.43409 6.58365 2.23102 3.8423 4.14686 -6.81407 2.86062 -1.51592 6.91201 5.90559 -2.29745 2.14101 -0.63216 3.98305 4.34649 1.10421 4.01418 6.48125 4.42436 1.99023 2.43879 2.64164 2.43284 2.76914 2.60908 2.84391 2.91382 2.71372 2.91369 2.91494 2.7122 2.82697 3.0011 2.47584 2.85092 2.27649 3.15483 2.69025 2.68403 2.67786 2.86885 2.81334 2.64175 2.70005 2.92801 2.7972 2.73013 2.77437 2.86467 2.96113 2.86476 2.8171 
0 0 0 0 0 0 0 0 0 -28.182 1.32275 -0.977633 -7.35076 -2.4041 -0.773827 -5.54946 -2.14811 -1.22385 -1.81159 -4.74521 -3.53403 -4.54519 -7.07159 -0.0256959 -1.2642 -2.87268 -1.54807 -7.42381 -3.82733 -2.63708 -6.0401 -4.58599 -2.40385 -2.60379 -2.39798 -2.72947 -2.5717 -2.80317 -2.87208 -2.67484 -2.87195 -2.87317 -2.67334 -2.78647 -2.9581 -2.44037 -2.81007 -2.24387 -3.10963 -2.6517 -2.64558 -2.63949 -2.82775 -2.77304 -2.6039 -2.66137 -2.88607 -2.75712 -2.69102 -2.73462 -2.82363 -2.91871 -2.82371 -2.77674 
0 0 0 0 0 0 0 0 0 0 -30.6993 -9.88805 -4.7628 -4.65887 -5.12523 -1.79851 1.65217 -3.41361 -0.288203 -4.22191 -1.87503 -4.78329 -6.31741 -0.442509 -5.09621 -6.94518 -8.29934 -5.62531 -3.55651 -5.17554 -1.83788 -1.52788 -2.87837 -3.11778 -2.87134 -3.26826 -3.07936 -3.35651 -3.43902 -3.20285 -3.43887 -3.44034 -3.20106 -3.33652 -3.54203 -2.92209 -3.36478 -2.68681 -3.72347 -3.17515 -3.16781 -3.16053 -3.38595 -3.32043 -3.1179 -3.18672 -3.45577 -3.30138 -3.22222 -3.27443 -3.38101 -3.49486 -3.38111 -3.32486 
0 0 0 0 0 0 0 0 0 0 0 28.3458 -1.40316 -1.87979 3.80823 5.17626 -0.204353 4.70643 7.70234 2.69221 1.0863 7.06027 3.57559 -0.400996 -5.23735 5.29021 5.75113 0.915894 0.890918 4.29507 3.67289 4.2976 2.61328 2.83064 2.6069 2.96726 2.79575 3.04738 3.12229 2.90787 3.12215 3.12349 2.90625 3.02923 3.21581 2.65297 3.05488 2.43936 3.38054 2.88272 2.87606 2.86945 3.0741 3.01463 2.83075 2.89323 3.1375 2.99732 2.92546 2.97286 3.06962 3.17299 3.06972 3.01865 
0 0 0 0 0 0 0 0 0 0 0 0 -28.33 -5.76447 -3.54261 -5.57277 -0.514572 -2.5063 1.70335 -1.24077 1.58893 -5.20206 0.676496 2.40888 0.421799 -2.28573 -2.16471 -7.60542 4.09231 2.97014 0.0817191 -2.20447 -0.44078 -0.477441 -0.439703 -0.500485 -0.471557 -0.514 -0.526635 -0.490469 -0.526611 -0.526836 -0.490194 -0.510938 -0.542409 -0.447475 -0.515265 -0.411445 -0.570193 -0.486226 -0.485103 -0.483987 -0.518507 -0.508474 -0.47746 -0.487998 -0.5292 -0.505556 -0.493435 -0.50143 -0.51775 -0.535185 -0.517767 -0.509153 
0 0 0 0 0 0 0 0 0 0 0 0 0 -26.0097 -0.196497 -0.810732 -4.61127 -1.18248 4.48036 -0.459162 4.06197 -2.06353 -3.88087 1.239 -0.53192 -0.34371 1.39579 0.841546 -0.755572 -0.247333 0.371898 1.8739 -1.02183 -1.10682 -1.01933 -1.16024 -1.09318 -1.19157 -1.22086 -1.13702 -1.22081 -1.22133 -1.13638 -1.18447 -1.25743 -1.03735 -1.1945 -0.953825 -1.32184 -1.12719 -1.12458 -1.122 -1.20202 -1.17876 -1.10686 -1.13129 -1.22681 -1.172 -1.1439 -1.16243 -1.20027 -1.24068 -1.2003 -1.18034 
0 0 0 0 0 0 0 0 0 0 0 0 0 0 28.6789 -0.621773 0.557459 -0.322736 -1.1224 2.3107 6.62142 3.43545 0.10771 3.09033 5.01483 -3.02926 8.34508 0.785821 5.37113 0.54462 -4.79414 2.01628 1.2438 1.34725 1.24076 1.41228 1.33065 1.45041 1.48607 1.38401 1.486 1.48663 1.38324 1.44177 1.53058 1.26269 1.45398 1.16102 1.60898 1.37204 1.36887 1.36572 1.46313 1.43482 1.3473 1.37704 1.4933 1.42659 1.39238 1.41494 1.461 1.51019 1.46104 1.43674 
0 0 0 0 0 0 0 0 0 0 0 0 0 0 0 27.1056 4.76526 2.02336 3.06112 0.670513 -0.760264 5.95145 1.04498 -2.22016 1.43105 4.0613 -0.995577 0.503467 0.582209 3.56059 1.68624 3.40924 1.38574 1.501 1.38236 1.57344 1.4825 1.61593 1.65565 1.54195 1.65558 1.65629 1.54109 1.60631 1.70525 1.40679 1.61991 1.29352 1.7926 1.52862 1.52509 1.52158 1.6301 1.59856 1.50106 1.53419 1.66372 1.58939 1.55128 1.57642 1.62772 1.68254 1.62777 1.60069 
0 0 0 0 0 0 0 0 0 0 0 0 0 0 0 0 30.1919 1.00946 0.645036 6.91795 3.72071 7.46602 3.58659 5.0244 5.5132 2.04784 2.73642 -1.59116 2.61455 1.96059 4.05123 1.5811 2.33419 2.52834 2.32849 2.65037 2.49718 2.72194 2.78885 2.59733 2.78872 2.78991 2.59587 2.70572 2.87238 2.36965 2.72864 2.17885 3.01952 2.57486 2.56891 2.563 2.74581 2.69268 2.52844 2.58425 2.80243 2.67722 2.61303 2.65538 2.7418 2.83413 2.74189 2.69627 
0 0 0 0 0 0 0 0 0 0 0 0 0 0 0 0 0 26.388 1.5615 -3.14243 0.632851 0.2095 0.442368 2.0469 2.03957 1.75627 1.13627 2.33632 1.37018 0.394137 -3.72894 0.805223 1.04975 1.13707 1.04719 1.19195 1.12305 1.22413 1.25422 1.16809 1.25417 1.2547 1.16744 1.21684 1.29179 1.0657 1.22715 0.97989 1.35796 1.15799 1.15531 1.15266 1.23487 1.21097 1.13711 1.16221 1.26033 1.20402 1.17516 1.1942 1.23307 1.27459 1.2331 1.21259 
0 0 0 0 0 0 0 0 0 0 0 0 0 0 0 0 0 0 -27.6331 -3.61635 -2.15459 -5.91757 -3.90485 -2.23529 1.1116 0.902949 -2.08998 2.5228 -1.04177 -4.39523 -1.7741 1.19255 -0.518821 -0.561974 -0.517554 -0.589098 -0.555048 -0.605005 -0.619877 -0.577308 -0.619849 -0.620114 -0.576985 -0.601401 -0.638444 -0.526702 -0.606494 -0.484293 -0.671148 -0.572314 -0.570992 -0.569678 -0.61031 -0.598502 -0.561996 -0.5744 -0.622896 -0.595066 -0.580799 -0.59021 -0.60942 -0.629941 -0.609439 -0.5993 
0 0 0 0 0 0 0 0 0 0 0 0 0 0 0 0 0 0 0 -26.6326 4.22001 -5.92235 0.545323 -0.553547 0.0085288 0.680084 1.71937 -1.24882 -1.8671 3.11434 -0.0523814 0.559627 -0.665042 -0.720356 -0.663418 -0.755125 -0.711479 -0.775515 -0.794579 -0.740012 -0.794543 -0.794882 -0.739598 -0.770895 -0.818379 -0.675143 -0.777424 -0.620782 -0.860299 -0.733611 -0.731917 -0.730233 -0.782315 -0.767179 -0.720385 -0.736285 -0.798449 -0.762776 -0.744487 -0.756551 -0.781174 -0.80748 -0.781199 -0.768203 
0 0 0 0 0 0 0 0 0 0 0 0 0 0 0 0 0 0 0 0 25.9229 4.74777 3.58407 1.73867 -0.267305 -0.277716 -2.97813 0.622606 -2.43232 5.8319 -0.90573 1.79971 0.83199 0.901191 0.829959 0.944688 0.890084 0.970196 0.994046 0.925781 0.994001 0.994425 0.925263 0.964417 1.02382 0.844628 0.972585 0.77662 1.07626 0.917773 0.915653 0.913546 0.978704 0.959767 0.901227 0.921118 0.998887 0.954259 0.931379 0.946471 0.977276 1.01018 0.977307 0.961048 
0 0 0 0 0 0 0 0 0 0 0 0 0 0 0 0 0 0 0 0 0 -23.2799 1.01415 4.92702 1.65032 -1.86909 1.84932 2.45337 -2.00389 -3.08437 0.805146 2.8618 0.09071 0.0982547 0.0904884 0.102997 0.0970438 0.105778 0.108378 0.100936 0.108374 0.10842 0.100879 0.105148 0.111625 0.0920878 0.106039 0.084673 0.117343 0.100063 0.0998315 0.0996018 0.106706 0.104641 0.0982586 0.100427 0.108906 0.104041 0.101546 0.103192 0.10655 0.110138 0.106553 0.104781 
0 0 0 0 0 0 0 0 0 0 0 0 0 0 0 0 0 0 0 0 0 0 24.8619 0.805371 1.30803 4.62338 0.123674 -0.0416194 -4.03994 1.71295 7.22836 3.96306 0.94226 1.02063 0.939959 1.06989 1.00805 1.09878 1.12579 1.04848 1.12574 1.12622 1.04789 1.09224 1.15951 0.956572 1.10149 0.87955 1.21891 1.03941 1.03701 1.03462 1.10842 1.08697 1.02067 1.0432 1.13128 1.08073 1.05482 1.07191 1.1068 1.14407 1.10684 1.08842 
0 0 0 0 0 0 0 0 0 0 0 0 0 0 0 0 0 0 0 0 0 0 0 27.6571 2.71249 3.08441 4.84933 6.10196 1.85747 -2.56944 5.5429 4.11847 1.43865 1.55831 1.43514 1.63352 1.5391 1.67763 1.71887 1.60083 1.71879 1.71953 1.59993 1.66764 1.77035 1.4605 1.68176 1.3429 1.86104 1.58698 1.58332 1.57967 1.69234 1.6596 1.55837 1.59276 1.72724 1.65007 1.61051 1.63661 1.68987 1.74678 1.68992 1.66181 
0 0 0 0 0 0 0 0 0 0 0 0 0 0 0 0 0 0 0 0 0 0 0 0 29.0258 6.86771 2.65149 2.60391 1.02519 2.87952 0.219534 1.93398 1.95166 2.11398 1.94689 2.21602 2.08793 2.27585 2.3318 2.17167 2.33169 2.33269 2.17045 2.2623 2.40164 1.9813 2.28146 1.82177 2.52467 2.15288 2.14791 2.14297 2.29581 2.25139 2.11407 2.16073 2.34316 2.23847 2.1848 2.2202 2.29246 2.36966 2.29253 2.25439 
0 0 0 0 0 0 0 0 0 0 0 0 0 0 0 0 0 0 0 0 0 0 0 0 0 -23.9449 -2.60951 -4.0301 -1.60481 0.283789 -4.87818 0.237425 -1.20634 -1.30668 -1.2034 -1.36975 -1.29057 -1.40673 -1.44131 -1.34233 -1.44125 -1.44186 -1.34158 -1.39835 -1.48448 -1.22466 -1.41019 -1.12606 -1.56052 -1.33072 -1.32765 -1.32459 -1.41907 -1.39161 -1.30673 -1.33557 -1.44833 -1.38362 -1.35045 -1.37233 -1.417 -1.46471 -1.41704 -1.39347 
0 0 0 0 0 0 0 0 0 0 0 0 0 0 0 0 0 0 0 0 0 0 0 0 0 0 26.1716 -0.025331 -4.39418 -2.51496 1.90483 1.05598 0.482139 0.522241 0.480962 0.547447 0.515805 0.56223 0.57605 0.536491 0.576024 0.57627 0.536191 0.558881 0.593305 0.489463 0.563614 0.450052 0.623696 0.53185 0.530622 0.529401 0.56716 0.556186 0.522262 0.533789 0.578856 0.552994 0.539735 0.548481 0.566333 0.585403 0.56635 0.556928 
0 0 0 0 0 0 0 0 0 0 0 0 0 0 0 0 0 0 0 0 0 0 0 0 0 0 0 25.7305 4.18673 0.450457 -6.84611 -3.26513 -0.0567885 -0.0615118 -0.0566498 -0.0644808 -0.0607537 -0.0662219 -0.0678497 -0.0631903 -0.0678467 -0.0678757 -0.0631549 -0.0658274 -0.069882 -0.0576511 -0.0663849 -0.0530091 -0.0734617 -0.0626436 -0.062499 -0.0623552 -0.0668026 -0.06551 -0.0615143 -0.062872 -0.0681802 -0.065134 -0.0635724 -0.0646025 -0.0667051 -0.0689514 -0.0667072 -0.0655975 
0 0 0 0 0 0 0 0 0 0 0 0 0 0 0 0 0 0 0 0 0 0 0 0 0 0 0 0 -26.4597 1.00803 0.771707 -2.28414 -1.03346 -1.11942 -1.03094 -1.17345 -1.10562 -1.20513 -1.23476 -1.14996 -1.2347 -1.23523 -1.14932 -1.19795 -1.27174 -1.04916 -1.2081 -0.96468 -1.33688 -1.14001 -1.13738 -1.13476 -1.2157 -1.19218 -1.11946 -1.14417 -1.24077 -1.18533 -1.15691 -1.17566 -1.21393 -1.2548 -1.21396 -1.19377 
0 0 0 0 0 0 0 0 0 0 0 0 0 0 0 0 0 0 0 0 0 0 0 0 0 0 0 0 0 -26.1922 -2.57774 -3.37285 -1.55382 -1.68306 -1.55003 -1.7643 -1.66232 -1.81194 -1.85648 -1.72899 -1.85639 -1.85719 -1.72802 -1.80114 -1.91209 -1.57743 -1.8164 -1.45041 -2.01003 -1.71403 -1.71007 -1.70614 -1.82783 -1.79246 -1.68313 -1.72028 -1.86552 -1.78217 -1.73944 -1.76763 -1.82516 -1.88662 -1.82522 -1.79485 
0 0 0 0 0 0 0 0 0 0 0 0 0 0 0 0 0 0 0 0 0 0 0 0 0 0 0 0 0 0 -25.8137 -3.90653 -1.17338 -1.27097 -1.17051 -1.33232 -1.25531 -1.3683 -1.40193 -1.30566 -1.40187 -1.40247 -1.30492 -1.36014 -1.44392 -1.1912 -1.37166 -1.09529 -1.51789 -1.29436 -1.29137 -1.2884 -1.38029 -1.35359 -1.27103 -1.29908 -1.40876 -1.34582 -1.31355 -1.33484 -1.37828 -1.42469 -1.37832 -1.35539 
0 0 0 0 0 0 0 0 0 0 0 0 0 0 0 0 0 0 0 0 0 0 0 0 0 0 0 0 0 0 0 24.4094 0.00342578 0.00371071 0.00341741 0.00388981 0.00366498 0.00399485 0.00409305 0.00381196 0.00409286 0.00409461 0.00380983 0.00397105 0.00421565 0.00347781 0.00400468 0.00319778 0.00443159 0.00377899 0.00377026 0.00376159 0.00402988 0.00395191 0.00371086 0.00379276 0.00411298 0.00392922 0.00383501 0.00389716 0.004024 0.0041595 0.00402413 0.00395718 
0 0 0 0 0 0 0 0 0 0 0 0 0 0 0 0 0 0 0 0 0 0 0 0 0 0 0 0 0 0 0 0 27.5239 0.579001 -3.34446 0.175788 0.917395 -0.388305 -1.45596 1.34969 0.330082 2.65849 0.07387 -6.27641 1.62287 2.59204 -1.32032 0.407803 5.39777 1.97055 -4.04367 5.47713 0.99529 -2.25857 -1.6784 -1.87523 1.45252 -5.98984 0.296769 1.98318 2.33394 1.82697 -1.10127 -1.97504 
0 0 0 0 0 0 0 0 0 0 0 0 0 0 0 0 0 0 0 0 0 0 0 0 0 0 0 0 0 0 0 0 0 -30.2676 4.1191 -3.75941 0.750125 -0.180449 0.276342 -0.13364 1.34981 1.40848 2.34526 2.45187 -3.49386 -0.247115 2.97785 1.69948 -2.5569 -6.23785 1.0201 -5.20664 2.64092 2.09556 -2.61581 -4.27228 1.77576 -5.16579 3.40456 1.99272 0.994957 0.819364 1.45611 -0.00738791 
0 0 0 0 0 0 0 0 0 0 0 0 0 0 0 0 0 0 0 0 0 0 0 0 0 0 0 0 0 0 0 0 0 0 -26.239 1.08597 -2.60524 -0.859844 -2.01798 -0.915011 -1.57925 -1.89771 1.15869 1.40052 -5.98545 3.64447 3.19766 -0.183776 -2.85624 2.93075 -0.600465 2.23438 3.37882 -3.69533 2.64276 2.42135 -1.59429 0.230522 -4.42132 1.46512 4.39613 -1.36246 -3.7075 1.48892 
0 0 0 0 0 0 0 0 0 0 0 0 0 0 0 0 0 0 0 0 0 0 0 0 0 0 0 0 0 0 0 0 0 0 0 -27.2522 -1.7029 1.43305 0.905169 0.0437904 -1.66014 -1.61083 -3.20067 0.307763 3.87263 4.64328 -2.8347 7.59706 0.520828 -2.79962 -2.19121 -1.23748 0.50496 0.0829613 1.15096 -1.18982 0.105548 1.9604 5.82117 -2.42749 1.63767 3.33677 -1.98119 -3.37527 
0 0 0 0 0 0 0 0 0 0 0 0 0 0 0 0 0 0 0 0 0 0 0 0 0 0 0 0 0 0 0 0 0 0 0 0 -29.7057 3.37506 -3.60512 1.54511 0.419248 -4.89957 -0.55872 -0.809884 1.08956 -1.35231 -1.00739 1.28958 2.8236 2.88241 -4.23447 -1.84807 1.69333 -1.56279 2.21752 -1.946 -2.56443 0.222656 0.804991 1.20412 1.39895 -1.00636 3.19834 1.73603 
0 0 0 0 0 0 0 0 0 0 0 0 0 0 0 0 0 0 0 0 0 0 0 0 0 0 0 0 0 0 0 0 0 0 0 0 0 28.0484 1.52597 0.491447 -1.15203 1.82785 1.04633 -0.830999 -4.54014 2.79187 1.80756 -1.38783 1.42219 -2.05516 -1.99941 0.506601 1.78947 -1.95733 4.61645 1.72986 -2.82575 -0.985245 -1.54084 7.02404 4.91122 3.4083 -0.848166 -2.172 
0 0 0 0 0 0 0 0 0 0 0 0 0 0 0 0 0 0 0 0 0 0 0 0 0 0 0 0 0 0 0 0 0 0 0 0 0 0 -28.3398 -1.02965 3.54092 -6.13588 -0.773451 3.16144 2.74476 3.0861 -8.97985 -2.81496 -4.53822 -1.43102 -0.570252 2.50105 -4.98456 2.01184 -8.69438 -1.8617 -2.24364 0.0810607 -3.26768 -1.02606 -2.52488 -2.5757 -2.10069 1.95685 
0 0 0 0 0 0 0 0 0 0 0 0 0 0 0 0 0 0 0 0 0 0 0 0 0 0 0 0 0 0 0 0 0 0 0 0 0 0 0 -28.9909 -2.45031 4.16186 1.78182 -0.72851 -0.541735 -2.48338 -1.80595 -4.51239 0.372387 -0.169108 -1.50301 -0.557492 -1.64381 0.815141 -1.995 -4.00342 -3.68655 -2.40688 -0.757653 1.07477 3.96275 4.49627 -0.302709 -5.28631 
0 0 0 0 0 0 0 0 0 0 0 0 0 0 0 0 0 0 0 0 0 0 0 0 0 0 0 0 0 0 0 0 0 0 0 0 0 0 0 0 28.8213 0.0659609 1.1671 3.18326 4.43418 3.88958 0.431699 4.10068 1.70435 0.742913 -5.53661 4.86079 0.453515 -0.41454 -3.2563 -1.61705 -2.63087 6.13515 -0.545566 -0.28916 5.50415 0.44664 0.601425 2.40601 
0 0 0 0 0 0 0 0 0 0 0 0 0 0 0 0 0 0 0 0 0 0 0 0 0 0 0 0 0 0 0 0 0 0 0 0 0 0 0 0 0 -27.7522 1.40994 1.40236 -3.3183 2.72913 -1.01862 -1.58083 0.843122 -5.89682 0.954359 1.23228 -3.48354 1.15548 -2.75272 -1.94833 2.58178 1.02859 -5.40231 -2.56943 -1.18455 -3.36933 0.494648 -1.06634 
0 0 0 0 0 0 0 0 0 0 0 0 0 0 0 0 0 0 0 0 0 0 0 0 0 0 0 0 0 0 0 0 0 0 0 0 0 0 0 0 0 0 -28.4414 -4.47086 1.29102 -4.13906 3.76836 2.5318 -2.59753 2.11485 -4.00057 -0.970203 3.08022 -2.52274 -5.11887 -5.58088 -0.012807 -1.47056 -4.17317 -2.69538 -4.44805 -1.91859 -4.27706 -0.740251 
0 0 0 0 0 0 0 0 0 0 0 0 0 0 0 0 0 0 0 0 0 0 0 0 0 0 0 0 0 0 0 0 0 0 0 0 0 0 0 0 0 0 0 -27.1659 -1.25978 2.8232 2.2507 -3.68312 2.89998 0.413714 -4.08863 3.98486 -2.5159 -8.38782 -0.867749 2.76424 -4.50064 -0.960461 3.64098 -1.09236 -1.11048 1.37062 0.193725 -3.08909 
0 0 0 0 0 0 0 0 0 0 0 0 0 0 0 0 0 0 0 0 0 0 0 0 0 0 0 0 0 0 0 0 0 0 0 0 0 0 0 0 0 0 0 0 29.1831 -2.61622 0.310179 -1.26572 -1.71166 3.5244 2.15935 -1.93474 3.66945 -2.26199 -3.64415 -0.735694 1.27089 0.165718 -1.83624 0.502148 0.44568 -0.738864 2.39897 4.51142 
0 0 0 0 0 0 0 0 0 0 0 0 0 0 0 0 0 0 0 0 0 0 0 0 0 0 0 0 0 0 0 0 0 0 0 0 0 0 0 0 0 0 0 0 0 25.8185 -4.3054 -1.52731 2.29895 4.15957 -0.955735 1.74144 3.80661 0.0289953 5.9897 -0.182333 2.06884 -0.292113 0.437831 -0.45537 3.52961 -1.54749 -1.48288 -0.8165 
0 0 0 0 0 0 0 0 0 0 0 0 0 0 0 0 0 0 0 0 0 0 0 0 0 0 0 0 0 0 0 0 0 0 0 0 0 0 0 0 0 0 0 0 0 0 -26.4028 -0.726438 1.80127 -1.85319 0.835858 -0.65422 0.0433075 3.68085 3.85491 0.348111 1.101 3.63082 1.383 0.608253 -0.494836 -3.75939 -0.486578 0.688058 
0 0 0 0 0 0 0 0 0 0 0 0 0 0 0 0 0 0 0 0 0 0 0 0 0 0 0 0 0 0 0 0 0 0 0 0 0 0 0 0 0 0 0 0 0 0 0 -25.0458 -7.03561 -5.10902 -6.96593 0.571664 3.42177 -0.76022 -2.91918 -1.40415 -1.68013 3.16608 -2.59834 -1.34435 6.70971 -3.58438 -0.868965 -2.70741 
0 0 0 0 0 0 0 0 0 0 0 0 0 0 0 0 0 0 0 0 0 0 0 0 0 0 0 0 0 0 0 0 0 0 0 0 0 0 0 0 0 0 0 0 0 0 0 0 -25.0586 2.47307 -1.28869 3.79748 2.26051 -1.27324 6.12371 -2.72484 6.43192 0.0742476 1.00997 2.89911 3.83929 -1.44672 -3.27583 -2.33654 
0 0 0 0 0 0 0 0 0 0 0 0 0 0 0 0 0 0 0 0 0 0 0 0 0 0 0 0 0 0 0 0 0 0 0 0 0 0 0 0 0 0 0 0 0 0 0 0 0 27.2549 2.54503 3.38491 1.53126 3.61466 -2.88254 4.05861 -4.01584 5.30396 -3.22754 2.45348 0.25578 4.07079 -1.00634 3.8924 
0 0 0 0 0 0 0 0 0 0 0 0 0 0 0 0 0 0 0 0 0 0 0 0 0 0 0 0 0 0 0 0 0 0 0 0 0 0 0 0 0 0 0 0 0 0 0 0 0 0 -25.9586 6.27646 0.091618 -1.84558 -4.5034 -5.75759 -0.0702015 -0.158618 4.05299 4.95859 -0.081202 -3.97369 4.86276 2.58312 
0 0 0 0 0 0 0 0 0 0 0 0 0 0 0 0 0 0 0 0 0 0 0 0 0 0 0 0 0 0 0 0 0 0 0 0 0 0 0 0 0 0 0 0 0 0 0 0 0 0 0 -25.7613 -5.86991 -1.70651 -0.557994 5.97103 -0.598959 -0.182659 -1.92003 2.98565 -1.48475 1.16976 1.78376 -3.27672 
0 0 0 0 0 0 0 0 0 0 0 0 0 0 0 0 0 0 0 0 0 0 0 0 0 0 0 0 0 0 0 0 0 0 0 0 0 0 0 0 0 0 0 0 0 0 0 0 0 0 0 0 -24.1576 2.05228 -2.54376 -2.5071 2.1485 -0.0723163 4.03404 -2.5212 3.55957 1.20147 -6.74561 4.08684 
0 0 0 0 0 0 0 0 0 0 0 0 0 0 0 0 0 0 0 0 0 0 0 0 0 0 0 0 0 0 0 0 0 0 0 0 0 0 0 0 0 0 0 0 0 0 0 0 0 0 0 0 0 -24.3602 1.13705 0.319739 0.202832 2.92329 3.12137 0.87535 2.78905 0.281949 3.13711 -3.6505 
0 0 0 0 0 0 0 0 0 0 0 0 0 0 0 0 0 0 0 0 0 0 0 0 0 0 0 0 0 0 0 0 0 0 0 0 0 0 0 0 0 0 0 0 0 0 0 0 0 0 0 0 0 0 22.7653 1.52463 -2.19165 0.280627 5.64147 3.99388 -2.06241 1.68782 -7.19462 -8.45276 
0 0 0 0 0 0 0 0 0 0 0 0 0 0 0 0 0 0 0 0 0 0 0 0 0 0 0 0 0 0 0 0 0 0 0 0 0 0 0 0 0 0 0 0 0 0 0 0 0 0 0 0 0 0 0 23.2369 -0.816386 -0.187209 2.61448 0.620587 -0.630073 0.355243 2.71865 1.66449 
0 0 0 0 0 0 0 0 0 0 0 0 0 0 0 0 0 0 0 0 0 0 0 0 0 0 0 0 0 0 0 0 0 0 0 0 0 0 0 0 0 0 0 0 0 0 0 0 0 0 0 0 0 0 0 0 25.9499 -0.0890107 7.23538 5.20572 -0.661814 2.92738 3.33881 5.53731 
0 0 0 0 0 0 0 0 0 0 0 0 0 0 0 0 0 0 0 0 0 0 0 0 0 0 0 0 0 0 0 0 0 0 0 0 0 0 0 0 0 0 0 0 0 0 0 0 0 0 0 0 0 0 0 0 0 -24.3023 1.3674 -1.95726 0.951338 -5.35987 -0.372005 0.463572 
0 0 0 0 0 0 0 0 0 0 0 0 0 0 0 0 0 0 0 0 0 0 0 0 0 0 0 0 0 0 0 0 0 0 0 0 0 0 0 0 0 0 0 0 0 0 0 0 0 0 0 0 0 0 0 0 0 0 -24.3006 -4.163 -3.73789 -3.04447 -0.585222 -1.23535 
0 0 0 0 0 0 0 0 0 0 0 0 0 0 0 0 0 0 0 0 0 0 0 0 0 0 0 0 0 0 0 0 0 0 0 0 0 0 0 0 0 0 0 0 0 0 0 0 0 0 0 0 0 0 0 0 0 0 0 23.4405 6.39342 0.0459445 -1.14033 -3.53956 
0 0 0 0 0 0 0 0 0 0 0 0 0 0 0 0 0 0 0 0 0 0 0 0 0 0 0 0 0 0 0 0 0 0 0 0 0 0 0 0 0 0 0 0 0 0 0 0 0 0 0 0 0 0 0 0 0 0 0 0 -22.5576 -3.53598 -1.4935 0.795744 
0 0 0 0 0 0 0 0 0 0 0 0 0 0 0 0 0 0 0 0 0 0 0 0 0 0 0 0 0 0 0 0 0 0 0 0 0 0 0 0 0 0 0 0 0 0 0 0 0 0 0 0 0 0 0 0 0 0 0 0 0 24.2781 -0.114513 -1.50206 
0 0 0 0 0 0 0 0 0 0 0 0 0 0 0 0 0 0 0 0 0 0 0 0 0 0 0 0 0 0 0 0 0 0 0 0 0 0 0 0 0 0 0 0 0 0 0 0 0 0 0 0 0 0 0 0 0 0 0 0 0 0 24.4928 2.17755 
0 0 0 0 0 0 0 0 0 0 0 0 0 0 0 0 0 0 0 0 0 0 0 0 0 0 0 0 0 0 0 0 0 0 0 0 0 0 0 0 0 0 0 0 0 0 0 0 0 0 0 0 0 0 0 0 0 0 0 0 0 0 0 20.482 
