-169.892 -123.531 -137.143 -117.507 -123.468 -127.815 -124.65 -122.85 -121.088 -124.541 -126.008 -128.878 -123.365 -123.822 -128.286 -127.478 
0 -106.071 -44.9099 -46.1366 -40.9825 -49.3776 -49.7752 -35.5929 -40.8042 -41.9678 -42.4621 -43.4294 -41.5716 -41.7256 -43.2298 -42.9575 
0 0 -90.2074 -37.2286 -14.0087 -20.6521 -19.3071 -20.3671 -23.9465 -24.6294 -24.9195 -25.4871 -24.3969 -24.4872 -25.37 -25.2102 
0 0 0 92.3266 14.7505 25.0441 28.6888 31.552 21.8271 22.4495 22.7139 23.2313 22.2376 22.3199 23.1246 22.9789 
0 0 0 0 92.6303 8.91803 24.1658 30.7567 19.5209 20.0776 20.3141 20.7768 19.8881 19.9617 20.6814 20.5511 
0 0 0 0 0 -83.9895 -31.529 -11.3326 -11.973 -12.3144 -12.4594 -12.7433 -12.1982 -12.2433 -12.6847 -12.6048 
0 0 0 0 0 0 -90.4905 -18.3006 -11.2474 -11.5682 -11.7044 -11.971 -11.459 -11.5014 -11.916 -11.841 
0 0 0 0 0 0 0 -82.6963 -7.41357 -7.62498 -7.71479 -7.89053 -7.553 -7.58098 -7.85427 -7.8048 
0 0 0 0 0 0 0 0 -84.2178 -10.2769 -13.7936 -13.9804 -6.29593 -9.36564 -6.50735 -4.50595 
0 0 0 0 0 0 0 0 0 85.7163 7.11599 5.20944 8.57123 7.29457 6.62794 8.63787 
0 0 0 0 0 0 0 0 0 0 -82.7889 -0.436588 -7.16605 -6.21904 -10.1526 -8.84114 
0 0 0 0 0 0 0 0 0 0 0 82.1094 7.99909 6.42234 7.40129 7.18564 
0 0 0 0 0 0 0 0 0 0 0 0 -84.0769 -3.89518 -6.30137 -4.76373 
0 0 0 0 0 0 0 0 0 0 0 0 0 -85.5958 -4.42548 -10.8046 
0 0 0 0 0 0 0 0 0 0 0 0 0 0 -84.7274 -2.94339 
0 0 0 0 0 0 0 0 0 0 0 0 0 0 0 81.0573 
