-120.132 -87.3496 -96.9748 -83.0899 -87.3049 -90.3788 -88.1412 -86.8681 -87.8175 -93.0309 -88.4716 -89.7766 -88.0846 -90.484 -85.5673 -83.5657 -89.2684 -90.6989 -93.1233 -90.7754 -85.9198 -88.1116 -97.1085 -92.4487 -89.2572 -87.4914 -87.1097 -93.8012 -89.154 -94.247 -88.4829 -86.6756 -82.4233 -88.821 -91.1237 -85.0038 -89.8344 -88.3677 -90.0168 -92.2448 -89.3721 -85.0929 -89.5773 -85.5339 -91.9443 -89.4797 -90.8753 -89.406 -89.4547 -87.4165 -89.8266 -86.5527 -91.2178 -86.7675 -87.3987 -89.9036 -89.7049 -90.659 -88.8392 -86.9 -83.4283 -88.126 -85.7303 -93.6076 
0 -75.0038 -31.7561 -32.6235 -28.979 -34.9153 -35.1964 -25.168 -31.3989 -29.2016 -14.2973 -41.0843 -24.4918 -30.5372 -26.1333 -33.5607 -31.1071 -28.9029 -26.5555 -33.3724 -25.769 -25.7061 -35.9603 -29.8355 -26.8079 -29.8916 -28.6291 -29.4532 -35.0065 -23.0755 -16.3929 -25.7337 -27.775 -29.9309 -30.7068 -28.6446 -30.2724 -29.7781 -30.3338 -31.0846 -30.1166 -28.6746 -30.1857 -28.8232 -30.9834 -30.1528 -30.6231 -30.128 -30.1444 -29.4576 -30.2697 -29.1665 -30.7385 -29.2389 -29.4516 -30.2957 -30.2287 -30.5502 -29.937 -29.2835 -28.1136 -29.6967 -28.8894 -31.5439 
0 0 -63.7863 -26.3246 -9.90562 -14.6033 -13.6522 -14.4017 -18.0351 -15.4221 -18.4224 -17.4637 -20.6948 -20.631 -32.3127 -17.6504 -17.7864 -16.6311 -20.6185 -21.2751 -19.5783 -26.7048 -9.86066 -13.8348 -5.87357 -18.1007 -22.5967 -17.0991 -24.2662 -8.43876 -16.7125 -15.4283 -16.3001 -17.5653 -18.0207 -16.8105 -17.7658 -17.4757 -17.8018 -18.2424 -17.6743 -16.8281 -17.7149 -16.9153 -18.183 -17.6956 -17.9716 -17.681 -17.6907 -17.2876 -17.7642 -17.1168 -18.0393 -17.1592 -17.2841 -17.7794 -17.7401 -17.9288 -17.5689 -17.1854 -16.4989 -17.4279 -16.9541 -18.512 
0 0 0 65.2848 10.4301 17.7088 20.286 22.3106 5.94466 25.651 12.5035 11.4491 24.9586 8.78775 16.7276 8.83665 12.874 10.8013 17.4032 18.1669 13.8868 18.781 28.0152 16.952 17.764 17.1601 12.5762 5.52461 16.1026 17.3331 12.732 15.2429 14.8574 16.0107 16.4258 15.3226 16.1934 15.929 16.2262 16.6278 16.11 15.3387 16.147 15.4182 16.5737 16.1294 16.381 16.1161 16.1249 15.7575 16.1919 15.6018 16.4427 15.6405 15.7543 16.2058 16.17 16.342 16.014 15.6644 15.0386 15.8854 15.4536 16.8735 
0 0 0 0 65.4995 6.306 17.0878 21.7482 8.92977 19.891 5.49627 3.46008 18.1746 14.0393 6.18116 20.6023 2.8992 23.2432 19.0805 8.04171 16.2171 12.2529 13.6 19.8354 23.0062 4.85462 4.58977 18.9024 23.5798 16.9196 16.4937 18.8199 13.2877 14.3191 14.6903 13.7037 14.4825 14.246 14.5119 14.871 14.4079 13.7181 14.441 13.7892 14.8226 14.4253 14.6503 14.4134 14.4212 14.0927 14.4812 13.9534 14.7055 13.988 14.0898 14.4936 14.4616 14.6154 14.322 14.0094 13.4497 14.207 13.8208 15.0908 
0 0 0 0 0 -59.3896 -22.2944 -8.01337 -14.5913 -14.5192 -2.75723 -17.5542 -7.26775 -9.47087 -6.16115 -5.62877 -11.5938 -2.2089 -5.05525 0.510473 -11.6469 -10.2244 -14.7329 -17.2152 1.43299 -9.88361 -9.34668 -4.31996 -12.938 -16.0678 -16.8668 2.42424 -8.14987 -8.78247 -9.01015 -8.40503 -8.88267 -8.73765 -8.9007 -9.121 -8.83696 -8.41384 -8.85724 -8.45745 -9.09129 -8.8476 -8.98559 -8.8403 -8.84512 -8.64359 -8.8819 -8.55818 -9.01946 -8.57942 -8.64183 -8.88951 -8.86986 -8.9642 -8.78427 -8.59252 -8.24924 -8.71374 -8.47686 -9.25576 
0 0 0 0 0 0 -63.9865 -12.9405 -2.67074 -2.65515 -5.80469 -10.1915 -1.46669 -11.1331 -16.3003 -11.2442 -12.0534 -7.57587 -5.76097 -8.54193 -6.97834 -9.18958 -3.65538 -6.98426 1.88462 -2.15845 -8.21974 -8.01735 -19.5763 -9.43377 -10.4751 -1.76451 -7.656 -8.25027 -8.46415 -7.8957 -8.3444 -8.20816 -8.36133 -8.56828 -8.30146 -7.90398 -8.32051 -7.94494 -8.54037 -8.31145 -8.44108 -8.3046 -8.30912 -8.11981 -8.34367 -8.03957 -8.47289 -8.05952 -8.11815 -8.35083 -8.33237 -8.42099 -8.25196 -8.07183 -7.74935 -8.18571 -7.96318 -8.69488 
0 0 0 0 0 0 0 -58.4751 -4.38787 -3.02085 -6.69304 1.59742 -3.7294 -3.10725 3.07103 -7.1399 -3.65863 -3.70562 -1.41088 -16.2893 -6.2 -9.44167 -14.4129 -3.14412 -5.95869 -4.19539 10.267 5.08807 0.590629 -11.3311 -0.608974 -9.82345 -5.04634 -5.43804 -5.57902 -5.20433 -5.50008 -5.41028 -5.51124 -5.64765 -5.47178 -5.20978 -5.48434 -5.23678 -5.62926 -5.47836 -5.56381 -5.47385 -5.47683 -5.35205 -5.4996 -5.29916 -5.58478 -5.31231 -5.35095 -5.50432 -5.49215 -5.55056 -5.43915 -5.32042 -5.10787 -5.39548 -5.24881 -5.73109 
0 0 0 0 0 0 0 0 -56.9801 -12.5654 -6.45541 -9.75056 -12.8682 -13.1673 -4.46205 -7.6846 -8.29372 13.6281 -5.72125 3.03184 -13.824 -11.8112 4.5949 -4.28202 1.26432 -7.96611 -8.69298 -2.20841 -8.02836 -12.9625 -8.84873 -3.98047 -5.14121 -5.54027 -5.6839 -5.30217 -5.60348 -5.512 -5.61486 -5.75383 -5.57465 -5.30773 -5.58744 -5.33524 -5.73509 -5.58136 -5.66841 -5.57676 -5.57979 -5.45266 -5.603 -5.39878 -5.68977 -5.41218 -5.45155 -5.6078 -5.5954 -5.65491 -5.54141 -5.42045 -5.20389 -5.49692 -5.34749 -5.83884 
0 0 0 0 0 0 0 0 0 56.364 -2.64549 1.95527 14.7015 4.8082 1.54765 11.0989 4.29622 2.4477 3.62318 9.49042 7.06807 9.09037 14.1432 0.0513918 2.5284 5.74535 3.09613 14.8476 7.65465 5.27416 12.0802 9.17197 5.06755 5.4609 5.60247 5.22621 5.5232 5.43303 5.53441 5.67139 5.49478 5.23169 5.50739 5.2588 5.65292 5.50139 5.58719 5.49686 5.49985 5.37454 5.52272 5.32143 5.60825 5.33464 5.37345 5.52746 5.51524 5.5739 5.46201 5.34279 5.12934 5.41816 5.27087 5.75519 
0 0 0 0 0 0 0 0 0 0 -61.3986 -19.7761 -9.5256 -9.31774 -10.2505 -3.59702 3.30434 -6.82721 -0.576406 -8.44383 -3.75007 -9.56658 -12.6348 -0.885018 -10.1924 -13.8904 -16.5987 -11.2506 -7.11302 -10.3511 -3.67576 -3.05575 -6.06788 -6.53887 -6.70839 -6.25786 -6.61348 -6.5055 -6.6269 -6.79092 -6.57945 -6.26442 -6.59455 -6.29688 -6.7688 -6.58736 -6.6901 -6.58193 -6.58552 -6.43548 -6.6129 -6.37188 -6.71532 -6.3877 -6.43416 -6.61857 -6.60394 -6.67418 -6.54021 -6.39745 -6.14187 -6.48771 -6.31134 -6.89126 
0 0 0 0 0 0 0 0 0 0 0 56.6917 -2.80633 -3.75957 7.61646 10.3525 -0.408705 9.41286 15.4047 5.38443 2.17259 14.1205 7.15118 -0.801993 -10.4747 10.5804 11.5023 1.83179 1.78184 8.59014 7.34579 8.59519 5.50904 5.93665 6.09056 5.68152 6.00438 5.90635 6.01657 6.16549 5.97349 5.68747 5.9872 5.71695 6.1454 5.98067 6.07395 5.97575 5.979 5.84278 6.00386 5.78504 6.09685 5.7994 5.84158 6.00901 5.99573 6.0595 5.93787 5.80825 5.57621 5.8902 5.73007 6.25658 
0 0 0 0 0 0 0 0 0 0 0 0 56.66 11.5289 7.08522 11.1455 1.02914 5.0126 -3.40669 2.48154 -3.17785 10.4041 -1.35299 -4.81776 -0.843598 4.57147 4.32941 15.2108 -8.18462 -5.94029 -0.163438 4.40893 0.929205 1.00133 1.02729 0.958297 1.01275 0.99622 1.01481 1.03993 1.00754 0.959301 1.00986 0.964273 1.03654 1.00876 1.02449 1.00792 1.00847 0.985496 1.01267 0.975757 1.02835 0.97818 0.985295 1.01353 1.01129 1.02205 1.00154 0.979673 0.940534 0.993494 0.966487 1.05529 
0 0 0 0 0 0 0 0 0 0 0 0 0 52.0194 0.392993 1.62146 9.22253 2.36497 -8.96072 0.918324 -8.12395 4.12707 7.76174 -2.478 1.06384 0.687419 -2.79159 -1.68309 1.51114 0.494665 -0.743795 -3.7478 2.15411 2.32132 2.3815 2.22156 2.3478 2.30947 2.35257 2.4108 2.33572 2.22388 2.34108 2.23541 2.40294 2.33853 2.375 2.3366 2.33788 2.28461 2.3476 2.26203 2.38396 2.26765 2.28414 2.34961 2.34442 2.36935 2.32179 2.27111 2.18038 2.30315 2.24054 2.44641 
0 0 0 0 0 0 0 0 0 0 0 0 0 0 57.3578 -1.24355 1.11492 -0.645472 -2.24479 4.6214 13.2428 6.87091 0.215421 6.18066 10.0297 -6.05852 16.6902 1.57164 10.7423 1.08924 -9.58827 4.03256 2.62204 2.82557 2.89882 2.70414 2.85781 2.81115 2.86361 2.93448 2.8431 2.70697 2.84963 2.721 2.92492 2.84652 2.89092 2.84418 2.84572 2.78089 2.85756 2.75341 2.90181 2.76024 2.78032 2.86001 2.85369 2.88404 2.82615 2.76446 2.65401 2.80346 2.72725 2.97784 
0 0 0 0 0 0 0 0 0 0 0 0 0 0 0 54.2112 9.53052 4.04672 6.12224 1.34103 -1.52053 11.9029 2.08995 -4.44032 2.86209 8.1226 -1.99115 1.00693 1.16442 7.12119 3.37247 6.81847 2.92127 3.14802 3.22963 3.01273 3.18394 3.13195 3.1904 3.26936 3.16755 3.01589 3.17482 3.03152 3.25871 3.17136 3.22083 3.16875 3.17048 3.09824 3.18366 3.06762 3.23297 3.07524 3.09761 3.18639 3.17935 3.21316 3.14866 3.07993 2.95689 3.12339 3.03848 3.31767 
0 0 0 0 0 0 0 0 0 0 0 0 0 0 0 0 -60.3838 -2.01892 -1.29007 -13.8359 -7.44141 -14.932 -7.17318 -10.0488 -11.0264 -4.09569 -5.47283 3.18233 -5.2291 -3.92119 -8.10246 -3.1622 -4.9207 -5.30265 -5.44012 -5.07476 -5.36315 -5.27559 -5.37403 -5.50704 -5.33555 -5.08008 -5.34779 -5.10641 -5.48911 -5.34197 -5.42529 -5.33757 -5.34048 -5.2188 -5.36268 -5.16722 -5.44574 -5.18005 -5.21773 -5.36728 -5.35541 -5.41237 -5.30373 -5.18796 -4.9807 -5.26115 -5.11813 -5.58841 
0 0 0 0 0 0 0 0 0 0 0 0 0 0 0 0 0 -52.7759 -3.12301 6.28485 -1.2657 -0.419001 -0.884736 -4.0938 -4.07914 -3.51254 -2.27255 -4.67265 -2.74037 -0.788274 7.45789 -1.61045 -2.21298 -2.38475 -2.44658 -2.28226 -2.41196 -2.37258 -2.41686 -2.47667 -2.39955 -2.28466 -2.40506 -2.2965 -2.46861 -2.40244 -2.43991 -2.40046 -2.40176 -2.34704 -2.41175 -2.32385 -2.4491 -2.32962 -2.34656 -2.41382 -2.40848 -2.4341 -2.38524 -2.33317 -2.23996 -2.36609 -2.30177 -2.51327 
0 0 0 0 0 0 0 0 0 0 0 0 0 0 0 0 0 0 -55.2662 -7.2327 -4.30918 -11.8351 -7.8097 -4.47058 2.2232 1.8059 -4.17995 5.04559 -2.08354 -8.79046 -3.5482 2.38511 -1.09372 -1.17862 -1.20917 -1.12797 -1.19207 -1.1726 -1.19449 -1.22405 -1.18593 -1.12915 -1.18865 -1.135 -1.22006 -1.18736 -1.20588 -1.18638 -1.18703 -1.15998 -1.19196 -1.14852 -1.21042 -1.15137 -1.15974 -1.19298 -1.19035 -1.20301 -1.17886 -1.15313 -1.10706 -1.1694 -1.13761 -1.24214 
0 0 0 0 0 0 0 0 0 0 0 0 0 0 0 0 0 0 0 53.2651 -8.44003 11.8447 -1.09065 1.10709 -0.0170576 -1.36017 -3.43873 2.49763 3.7342 -6.22867 0.104763 -1.11925 1.40197 1.51079 1.54996 1.44586 1.52803 1.50308 1.53113 1.56903 1.52017 1.44738 1.52366 1.45488 1.56392 1.522 1.54573 1.52074 1.52157 1.4869 1.5279 1.47221 1.55156 1.47586 1.4866 1.52921 1.52583 1.54205 1.5111 1.47812 1.41906 1.49897 1.45822 1.59221 
0 0 0 0 0 0 0 0 0 0 0 0 0 0 0 0 0 0 0 0 -51.8457 -9.49554 -7.16813 -3.47734 0.53461 0.555431 5.95626 -1.24521 4.86463 -11.6638 1.81146 -3.59943 -1.75391 -1.89005 -1.93905 -1.80883 -1.91162 -1.88041 -1.9155 -1.96291 -1.90178 -1.81072 -1.90615 -1.82011 -1.95651 -1.90407 -1.93377 -1.9025 -1.90354 -1.86017 -1.91145 -1.84178 -1.94106 -1.84636 -1.85979 -1.91309 -1.90886 -1.92916 -1.89044 -1.84918 -1.7753 -1.87526 -1.82428 -1.99191 
0 0 0 0 0 0 0 0 0 0 0 0 0 0 0 0 0 0 0 0 0 -46.5598 2.02829 9.85404 3.30065 -3.73819 3.69863 4.90674 -4.00779 -6.16875 1.61029 5.7236 0.191225 0.206068 0.21141 0.197212 0.208419 0.205016 0.208842 0.214011 0.207347 0.197419 0.207823 0.198442 0.213314 0.207596 0.210834 0.207425 0.207538 0.20281 0.208401 0.200805 0.211629 0.201304 0.202768 0.20858 0.208119 0.210332 0.20611 0.201611 0.193557 0.204456 0.198897 0.217173 
0 0 0 0 0 0 0 0 0 0 0 0 0 0 0 0 0 0 0 0 0 0 -49.7239 -1.61074 -2.61605 -9.24675 -0.247349 0.0832387 8.07988 -3.42589 -14.4567 -7.92613 -1.98637 -2.14056 -2.19605 -2.04856 -2.16498 -2.12963 -2.16937 -2.22307 -2.15384 -2.05071 -2.15878 -2.06134 -2.21582 -2.15643 -2.19006 -2.15465 -2.15583 -2.10671 -2.16479 -2.08589 -2.19832 -2.09107 -2.10628 -2.16665 -2.16186 -2.18485 -2.14099 -2.09426 -2.01059 -2.1238 -2.06607 -2.25591 
0 0 0 0 0 0 0 0 0 0 0 0 0 0 0 0 0 0 0 0 0 0 0 55.3141 5.42498 6.16883 9.69866 12.2039 3.71495 -5.13887 11.0858 8.23694 3.03281 3.26821 3.35294 3.12776 3.3055 3.25154 3.31221 3.39419 3.28849 3.13104 3.29604 3.14726 3.38314 3.29245 3.3438 3.28974 3.29153 3.21653 3.30522 3.18475 3.3564 3.19265 3.21588 3.30805 3.30074 3.33584 3.26888 3.19753 3.06979 3.24264 3.15449 3.44434 
0 0 0 0 0 0 0 0 0 0 0 0 0 0 0 0 0 0 0 0 0 0 0 0 -58.0516 -13.7354 -5.30298 -5.20782 -2.05039 -5.75904 -0.439068 -3.86796 -4.11427 -4.43363 -4.54857 -4.24308 -4.48421 -4.411 -4.49331 -4.60452 -4.46113 -4.24753 -4.47137 -4.26954 -4.58953 -4.4665 -4.53617 -4.46282 -4.46525 -4.36352 -4.48382 -4.3204 -4.55326 -4.33112 -4.36263 -4.48766 -4.47774 -4.52537 -4.43453 -4.33773 -4.16444 -4.39893 -4.27935 -4.67256 
0 0 0 0 0 0 0 0 0 0 0 0 0 0 0 0 0 0 0 0 0 0 0 0 0 47.8899 5.21902 8.06021 3.20962 -0.567578 9.75637 -0.474849 2.54308 2.74048 2.81152 2.6227 2.77174 2.72649 2.77737 2.84611 2.75748 2.62545 2.76381 2.63906 2.83684 2.7608 2.80386 2.75852 2.76003 2.69714 2.7715 2.67049 2.81442 2.67712 2.69659 2.77388 2.76775 2.79718 2.74104 2.6812 2.57409 2.71903 2.64511 2.88816 
0 0 0 0 0 0 0 0 0 0 0 0 0 0 0 0 0 0 0 0 0 0 0 0 0 0 -52.3432 0.0506619 8.78835 5.02992 -3.80967 -2.11196 -1.01639 -1.09529 -1.12368 -1.04822 -1.10778 -1.0897 -1.11003 -1.13751 -1.10208 -1.04932 -1.10461 -1.05475 -1.1338 -1.10341 -1.12062 -1.1025 -1.1031 -1.07797 -1.10769 -1.06732 -1.12484 -1.06997 -1.07775 -1.10864 -1.10619 -1.11795 -1.09551 -1.0716 -1.02879 -1.08672 -1.05717 -1.15431 
0 0 0 0 0 0 0 0 0 0 0 0 0 0 0 0 0 0 0 0 0 0 0 0 0 0 0 -51.4609 -8.37346 -0.900915 13.6922 6.53027 0.119715 0.129008 0.132352 0.123464 0.13048 0.128349 0.130745 0.133981 0.129808 0.123593 0.130106 0.124233 0.133544 0.129964 0.131991 0.129857 0.129928 0.126968 0.130468 0.125713 0.132489 0.126025 0.126942 0.13058 0.130292 0.131677 0.129034 0.126218 0.121175 0.127998 0.124519 0.13596 
0 0 0 0 0 0 0 0 0 0 0 0 0 0 0 0 0 0 0 0 0 0 0 0 0 0 0 0 -52.9194 2.01607 1.54341 -4.56829 -2.17863 -2.34773 -2.4086 -2.24684 -2.37452 -2.33575 -2.37934 -2.43823 -2.3623 -2.24919 -2.36772 -2.26085 -2.43029 -2.36514 -2.40203 -2.3632 -2.36448 -2.31061 -2.37431 -2.28778 -2.41109 -2.29346 -2.31014 -2.37635 -2.3711 -2.39632 -2.34822 -2.29696 -2.20519 -2.32936 -2.26604 -2.47425 
0 0 0 0 0 0 0 0 0 0 0 0 0 0 0 0 0 0 0 0 0 0 0 0 0 0 0 0 0 -52.3843 -5.15548 -6.74571 -3.27561 -3.52986 -3.62137 -3.37816 -3.57014 -3.51185 -3.57738 -3.66592 -3.55176 -3.3817 -3.55992 -3.39923 -3.65398 -3.55604 -3.6115 -3.55311 -3.55504 -3.47404 -3.56982 -3.43971 -3.62511 -3.44825 -3.47334 -3.57289 -3.56499 -3.6029 -3.53058 -3.45352 -3.31555 -3.50224 -3.40703 -3.72009 
0 0 0 0 0 0 0 0 0 0 0 0 0 0 0 0 0 0 0 0 0 0 0 0 0 0 0 0 0 0 -51.6273 -7.81305 -2.47359 -2.6656 -2.7347 -2.55104 -2.69601 -2.65199 -2.70148 -2.76834 -2.68213 -2.55371 -2.68829 -2.56695 -2.75933 -2.68536 -2.72725 -2.68315 -2.68461 -2.62345 -2.69577 -2.59752 -2.73752 -2.60397 -2.62291 -2.69809 -2.69212 -2.72075 -2.66614 -2.60794 -2.50375 -2.64474 -2.57284 -2.80925 
0 0 0 0 0 0 0 0 0 0 0 0 0 0 0 0 0 0 0 0 0 0 0 0 0 0 0 0 0 0 0 48.8188 0.00722185 0.00778242 0.00798418 0.00744796 0.00787121 0.0077427 0.00788719 0.0080824 0.00783071 0.00745577 0.00784868 0.00749441 0.00805608 0.00784013 0.00796241 0.00783367 0.00783794 0.00765936 0.00787053 0.00758367 0.00799242 0.00760249 0.0076578 0.00787728 0.00785986 0.00794346 0.00778401 0.0076141 0.00730991 0.00772152 0.00751161 0.00820182 
0 0 0 0 0 0 0 0 0 0 0 0 0 0 0 0 0 0 0 0 0 0 0 0 0 0 0 0 0 0 0 0 -56.3474 -1.53552 1.18408 4.95895 -7.24443 1.1193 -6.71596 -4.25737 -1.22431 -0.209877 -5.0043 0.308544 1.00985 4.75525 -0.819665 -1.27644 -8.23566 -1.65026 -3.83742 -1.92355 2.20395 3.42246 -2.2954 -5.0626 6.13429 -3.69468 -0.208096 -2.60723 -3.94334 -2.42517 1.74298 -0.423815 
0 0 0 0 0 0 0 0 0 0 0 0 0 0 0 0 0 0 0 0 0 0 0 0 0 0 0 0 0 0 0 0 0 58.1604 0.852009 7.62602 -1.94638 4.02123 2.0655 4.19752 -3.51423 -0.652031 2.23677 0.0951966 -4.43835 1.46916 -4.77998 -3.37192 1.5795 1.96946 -2.97201 0.0147321 3.37012 2.26868 3.30955 1.84012 1.58995 -1.55228 -4.34708 -0.906272 3.50674 6.934 -0.45962 3.65526 
0 0 0 0 0 0 0 0 0 0 0 0 0 0 0 0 0 0 0 0 0 0 0 0 0 0 0 0 0 0 0 0 0 0 -58.279 -0.738101 -3.39357 -0.828509 0.164223 -8.88617 -3.40916 -3.66579 -0.340503 -2.9206 -0.350513 -1.68138 -3.632 -2.07401 1.88159 -7.83282 -2.96038 -1.97366 -2.7176 -1.76947 -1.7145 -1.33637 1.95203 -3.23277 1.66447 0.0836042 1.53068 -0.0971166 1.10448 -2.38307 
0 0 0 0 0 0 0 0 0 0 0 0 0 0 0 0 0 0 0 0 0 0 0 0 0 0 0 0 0 0 0 0 0 0 0 58.4064 1.33552 -0.353295 1.02935 0.727896 4.04542 1.04348 3.33794 2.61454 -2.09528 0.333414 4.81367 0.963648 1.78989 4.12333 0.658684 -4.47062 0.365722 -0.00861243 2.66699 -1.37212 1.62241 2.12779 -0.508704 2.36206 3.27075 3.08974 7.05041 -0.631044 
0 0 0 0 0 0 0 0 0 0 0 0 0 0 0 0 0 0 0 0 0 0 0 0 0 0 0 0 0 0 0 0 0 0 0 0 -58.2198 0.487221 3.14196 0.680878 -1.64242 -4.59184 -3.54285 -1.79065 -6.01756 3.01414 -3.15351 -4.96476 -2.73508 -3.106 1.03485 -0.473482 -4.21721 -2.27739 1.22773 1.16212 2.58633 -3.29001 -1.20066 -0.692464 -1.22186 -0.456664 -4.53076 2.04185 
0 0 0 0 0 0 0 0 0 0 0 0 0 0 0 0 0 0 0 0 0 0 0 0 0 0 0 0 0 0 0 0 0 0 0 0 0 55.383 3.25496 -3.16211 2.83265 1.33757 -0.8395 -1.66275 1.61593 0.948512 -3.96164 1.76154 1.68247 1.72598 0.269546 2.07766 4.64151 2.92959 5.34151 3.83803 -4.30991 0.14941 2.44233 3.15227 2.29288 6.62123 0.562473 -0.356718 
0 0 0 0 0 0 0 0 0 0 0 0 0 0 0 0 0 0 0 0 0 0 0 0 0 0 0 0 0 0 0 0 0 0 0 0 0 0 56.3624 -0.0247949 5.41898 -1.44336 2.5775 5.60175 1.62838 4.74151 3.05399 1.80433 3.35296 2.53075 1.82532 -2.20031 4.26301 3.5766 3.1937 0.950183 4.00691 5.23706 5.59102 0.222955 0.280716 0.805588 4.25458 -3.59556 
0 0 0 0 0 0 0 0 0 0 0 0 0 0 0 0 0 0 0 0 0 0 0 0 0 0 0 0 0 0 0 0 0 0 0 0 0 0 0 54.9024 -2.87257 -1.62088 0.255691 -0.921785 -2.08857 1.99991 1.39701 -0.264496 2.44276 1.0408 0.66146 -2.67893 2.07179 -0.193483 0.481391 2.59523 -0.333448 1.19497 -4.74709 1.62571 0.0417043 3.80053 2.21965 -1.51302 
0 0 0 0 0 0 0 0 0 0 0 0 0 0 0 0 0 0 0 0 0 0 0 0 0 0 0 0 0 0 0 0 0 0 0 0 0 0 0 0 58.6698 -3.6162 -1.70887 0.0689828 0.0994826 -2.6543 1.11297 2.16846 -3.26358 -1.38408 0.00945878 0.860261 1.32609 -2.39789 -0.917241 -0.538829 2.14649 2.68935 3.21913 -2.61142 5.56178 -0.381165 -1.45983 2.80668 
0 0 0 0 0 0 0 0 0 0 0 0 0 0 0 0 0 0 0 0 0 0 0 0 0 0 0 0 0 0 0 0 0 0 0 0 0 0 0 0 0 56.3194 -0.460484 1.14151 3.05249 3.05881 0.271326 -1.26641 6.84374 -4.72664 2.51505 -2.30062 2.8287 2.93387 2.31868 -2.35866 1.86139 -2.07771 2.5216 0.933445 1.35308 -3.6099 2.19584 2.96649 
0 0 0 0 0 0 0 0 0 0 0 0 0 0 0 0 0 0 0 0 0 0 0 0 0 0 0 0 0 0 0 0 0 0 0 0 0 0 0 0 0 0 -57.8256 1.14826 -0.614447 -2.83784 -3.36071 2.9667 -2.18424 -3.68083 -0.548434 -2.02561 -2.57033 0.699441 0.377809 4.71947 0.952054 -5.28014 1.51467 -6.06389 3.17821 -1.64724 -0.838441 5.17385 
0 0 0 0 0 0 0 0 0 0 0 0 0 0 0 0 0 0 0 0 0 0 0 0 0 0 0 0 0 0 0 0 0 0 0 0 0 0 0 0 0 0 0 59.6489 0.0822159 0.120383 -0.38939 5.8421 -5.83475 -2.39904 3.81755 4.73244 3.06067 1.78942 1.41335 -3.58448 -0.222979 3.4414 4.26151 0.869542 -1.5586 -3.38074 4.30474 -1.05217 
0 0 0 0 0 0 0 0 0 0 0 0 0 0 0 0 0 0 0 0 0 0 0 0 0 0 0 0 0 0 0 0 0 0 0 0 0 0 0 0 0 0 0 0 -56.7158 -2.07516 2.03448 -0.580862 -0.223714 -4.45473 2.50172 -0.198237 -3.06415 -1.32554 0.458002 -2.86161 -4.45125 1.31144 -1.27775 -4.66496 -2.98686 0.0438818 -2.53746 -1.61488 
0 0 0 0 0 0 0 0 0 0 0 0 0 0 0 0 0 0 0 0 0 0 0 0 0 0 0 0 0 0 0 0 0 0 0 0 0 0 0 0 0 0 0 0 0 59.3228 -3.73016 1.75579 0.915522 3.74398 -2.08581 4.98754 5.89266 0.46895 6.35605 -0.299202 4.21055 1.17616 3.76731 5.28877 -4.32634 2.13421 -2.43973 0.408335 
0 0 0 0 0 0 0 0 0 0 0 0 0 0 0 0 0 0 0 0 0 0 0 0 0 0 0 0 0 0 0 0 0 0 0 0 0 0 0 0 0 0 0 0 0 0 -54.4823 2.37035 -6.884 0.908042 -6.0254 -1.12149 3.33091 -5.49446 -5.23077 -0.19557 2.51963 -0.637793 -2.84537 -0.306102 4.68899 4.11179 -2.68084 -4.57837 
0 0 0 0 0 0 0 0 0 0 0 0 0 0 0 0 0 0 0 0 0 0 0 0 0 0 0 0 0 0 0 0 0 0 0 0 0 0 0 0 0 0 0 0 0 0 0 -56.3619 -0.120478 -3.83654 -5.75846 -1.43948 4.11495 -0.65185 3.51089 -2.58673 -3.1313 1.04292 1.35284 0.723871 2.15153 -3.19467 -3.64927 -2.5137 
0 0 0 0 0 0 0 0 0 0 0 0 0 0 0 0 0 0 0 0 0 0 0 0 0 0 0 0 0 0 0 0 0 0 0 0 0 0 0 0 0 0 0 0 0 0 0 0 -57.741 -2.51971 -2.8197 -1.02092 2.75235 -2.4407 -0.729382 -3.18335 4.17796 -2.77387 -4.45447 -5.17359 0.970057 -2.83794 -4.25877 -3.85437 
0 0 0 0 0 0 0 0 0 0 0 0 0 0 0 0 0 0 0 0 0 0 0 0 0 0 0 0 0 0 0 0 0 0 0 0 0 0 0 0 0 0 0 0 0 0 0 0 0 55.8282 -4.96156 4.07831 7.51147 7.78976 -0.804882 6.88843 3.48864 -0.979519 1.90951 -1.17113 1.2179 1.94351 4.42947 -0.636931 
0 0 0 0 0 0 0 0 0 0 0 0 0 0 0 0 0 0 0 0 0 0 0 0 0 0 0 0 0 0 0 0 0 0 0 0 0 0 0 0 0 0 0 0 0 0 0 0 0 0 56.7683 -3.94952 -2.73046 -4.33796 0.456178 3.66768 -5.18383 -1.12373 1.57966 3.45289 1.47427 -0.44334 0.22156 3.34011 
0 0 0 0 0 0 0 0 0 0 0 0 0 0 0 0 0 0 0 0 0 0 0 0 0 0 0 0 0 0 0 0 0 0 0 0 0 0 0 0 0 0 0 0 0 0 0 0 0 0 0 57.7955 0.390455 0.88733 4.16126 1.88829 0.883818 0.877273 -1.3412 1.3039 1.66674 3.26549 5.93786 -0.741517 
0 0 0 0 0 0 0 0 0 0 0 0 0 0 0 0 0 0 0 0 0 0 0 0 0 0 0 0 0 0 0 0 0 0 0 0 0 0 0 0 0 0 0 0 0 0 0 0 0 0 0 0 55.2076 6.13756 -2.365 -3.42379 0.405752 3.09413 -2.11763 5.27801 3.77441 -1.22054 -0.676271 -0.282333 
0 0 0 0 0 0 0 0 0 0 0 0 0 0 0 0 0 0 0 0 0 0 0 0 0 0 0 0 0 0 0 0 0 0 0 0 0 0 0 0 0 0 0 0 0 0 0 0 0 0 0 0 0 56.6905 2.92073 0.673177 3.03075 -2.71544 5.66968 1.97056 0.371757 -3.84958 -2.42261 4.40271 
0 0 0 0 0 0 0 0 0 0 0 0 0 0 0 0 0 0 0 0 0 0 0 0 0 0 0 0 0 0 0 0 0 0 0 0 0 0 0 0 0 0 0 0 0 0 0 0 0 0 0 0 0 0 54.9673 -0.748748 -0.672783 4.67076 -0.000385627 -0.244854 -0.659018 0.173417 1.01038 -2.10956 
0 0 0 0 0 0 0 0 0 0 0 0 0 0 0 0 0 0 0 0 0 0 0 0 0 0 0 0 0 0 0 0 0 0 0 0 0 0 0 0 0 0 0 0 0 0 0 0 0 0 0 0 0 0 0 56.0816 -0.0824663 1.52444 4.78595 1.37972 -1.02704 -0.199127 2.34721 6.91041 
0 0 0 0 0 0 0 0 0 0 0 0 0 0 0 0 0 0 0 0 0 0 0 0 0 0 0 0 0 0 0 0 0 0 0 0 0 0 0 0 0 0 0 0 0 0 0 0 0 0 0 0 0 0 0 0 56.8813 -0.647932 -1.6758 -1.79101 4.53734 6.45933 -2.13959 4.99106 
0 0 0 0 0 0 0 0 0 0 0 0 0 0 0 0 0 0 0 0 0 0 0 0 0 0 0 0 0 0 0 0 0 0 0 0 0 0 0 0 0 0 0 0 0 0 0 0 0 0 0 0 0 0 0 0 0 -52.7635 -0.950945 -1.04045 0.558587 0.287323 -2.73772 1.43369 
0 0 0 0 0 0 0 0 0 0 0 0 0 0 0 0 0 0 0 0 0 0 0 0 0 0 0 0 0 0 0 0 0 0 0 0 0 0 0 0 0 0 0 0 0 0 0 0 0 0 0 0 0 0 0 0 0 0 -57.4849 -3.35729 -0.454096 -0.681887 -0.386066 4.1933 
0 0 0 0 0 0 0 0 0 0 0 0 0 0 0 0 0 0 0 0 0 0 0 0 0 0 0 0 0 0 0 0 0 0 0 0 0 0 0 0 0 0 0 0 0 0 0 0 0 0 0 0 0 0 0 0 0 0 0 -56.9508 1.22123 0.0832231 -0.374257 1.58395 
0 0 0 0 0 0 0 0 0 0 0 0 0 0 0 0 0 0 0 0 0 0 0 0 0 0 0 0 0 0 0 0 0 0 0 0 0 0 0 0 0 0 0 0 0 0 0 0 0 0 0 0 0 0 0 0 0 0 0 0 -55.863 -0.191376 -0.560996 -1.31371 
0 0 0 0 0 0 0 0 0 0 0 0 0 0 0 0 0 0 0 0 0 0 0 0 0 0 0 0 0 0 0 0 0 0 0 0 0 0 0 0 0 0 0 0 0 0 0 0 0 0 0 0 0 0 0 0 0 0 0 0 0 -57.1287 1.89785 2.385 
0 0 0 0 0 0 0 0 0 0 0 0 0 0 0 0 0 0 0 0 0 0 0 0 0 0 0 0 0 0 0 0 0 0 0 0 0 0 0 0 0 0 0 0 0 0 0 0 0 0 0 0 0 0 0 0 0 0 0 0 0 0 -55.0084 0.123632 
0 0 0 0 0 0 0 0 0 0 0 0 0 0 0 0 0 0 0 0 0 0 0 0 0 0 0 0 0 0 0 0 0 0 0 0 0 0 0 0 0 0 0 0 0 0 0 0 0 0 0 0 0 0 0 0 0 0 0 0 0 0 0 -54.8289 
