-169.892 -123.531 -137.143 -117.507 -123.468 -127.815 -124.65 -122.85 -124.193 -131.566 -125.118 -126.963 -124.57 -127.964 -121.01 -118.18 -126.245 -128.268 -131.696 -128.376 -121.509 -124.609 -137.332 -130.742 -126.229 -123.732 -123.192 -132.655 -126.083 -133.285 -125.134 -122.578 -121.088 -124.541 -126.008 -128.878 -123.365 -123.822 -128.286 -127.478 -125.067 -124.719 -125.855 -125.372 -127.537 -124.266 -121.307 -126.811 -129.064 -126.24 -124.333 -125.585 -125.074 -125.296 -121.297 -126.423 -124.583 -125.177 -121.612 -126.461 -124.404 -128.475 -122.756 -126.357 
0 -106.071 -44.9099 -46.1366 -40.9825 -49.3776 -49.7752 -35.5929 -44.4048 -41.2973 -20.2195 -58.1019 -34.6366 -43.1861 -36.9581 -47.462 -43.9921 -40.8748 -37.5551 -47.1957 -36.4429 -36.3539 -50.8555 -42.1938 -37.912 -42.2731 -40.4877 -41.6531 -49.5067 -32.6337 -23.1831 -36.393 -40.8042 -41.9678 -42.4621 -43.4294 -41.5716 -41.7256 -43.2298 -42.9575 -42.145 -42.0278 -42.4105 -42.2477 -42.9772 -41.8753 -40.8781 -42.7328 -43.4918 -42.5404 -41.8978 -42.3197 -42.1473 -42.2222 -40.8746 -42.6018 -41.982 -42.1822 -40.9808 -42.6148 -41.9215 -43.2935 -41.3664 -42.5797 
0 0 -90.2074 -37.2286 -14.0087 -20.6521 -19.3071 -20.3671 -25.5055 -21.8102 -26.0533 -24.6974 -29.2668 -29.1767 -45.697 -24.9615 -25.1538 -23.5199 -29.159 -30.0875 -27.6879 -37.7662 -13.9451 -19.5653 -8.30649 -25.5983 -31.9565 -24.1818 -34.3176 -11.9342 -23.635 -21.8189 -23.9465 -24.6294 -24.9195 -25.4871 -24.3969 -24.4872 -25.37 -25.2102 -24.7334 -24.6646 -24.8892 -24.7936 -25.2218 -24.5751 -23.9898 -25.0783 -25.5237 -24.9654 -24.5883 -24.8359 -24.7347 -24.7787 -23.9878 -25.0015 -24.6377 -24.7552 -24.0502 -25.0091 -24.6022 -25.4074 -24.2765 -24.9885 
0 0 0 92.3266 14.7505 25.0441 28.6888 31.552 8.40701 36.276 17.6826 16.1914 35.2968 12.4278 23.6564 12.4969 18.2066 15.2754 24.6119 25.6919 19.6389 26.5604 39.6195 23.9737 25.1221 24.2681 17.7855 7.81298 22.7724 24.5127 18.0058 21.5567 21.8271 22.4495 22.7139 23.2313 22.2376 22.3199 23.1246 22.9789 22.5443 22.4816 22.6863 22.5992 22.9894 22.4 21.8666 22.8587 23.2647 22.7558 22.412 22.6377 22.5455 22.5856 21.8647 22.7887 22.4571 22.5642 21.9215 22.7956 22.4247 23.1586 22.1278 22.7768 
0 0 0 0 -92.6303 -8.91803 -24.1658 -30.7567 -12.6286 -28.1301 -7.77289 -4.89329 -25.7028 -19.8546 -8.74149 -29.136 -4.10009 -32.8709 -26.9839 -11.3727 -22.9345 -17.3282 -19.2333 -28.0515 -32.5357 -6.86547 -6.49092 -26.7321 -33.3469 -23.928 -23.3257 -26.6154 -19.5209 -20.0776 -20.3141 -20.7768 -19.8881 -19.9617 -20.6814 -20.5511 -20.1624 -20.1063 -20.2894 -20.2115 -20.5605 -20.0333 -19.5563 -20.4436 -20.8067 -20.3515 -20.0441 -20.246 -20.1635 -20.1993 -19.5546 -20.3809 -20.0844 -20.1802 -19.6054 -20.3871 -20.0555 -20.7118 -19.7899 -20.3703 
0 0 0 0 0 83.9895 31.529 11.3326 20.6352 20.5332 3.89931 24.8253 10.2782 13.3938 8.71318 7.96029 16.3961 3.12385 7.1492 -0.721918 16.4713 14.4595 20.8355 24.346 -2.02655 13.9775 13.2182 6.10934 18.2971 22.7233 23.8533 -3.42839 11.973 12.3144 12.4594 12.7433 12.1982 12.2433 12.6847 12.6048 12.3664 12.332 12.4443 12.3965 12.6106 12.2872 11.9946 12.5389 12.7616 12.4824 12.2939 12.4176 12.3671 12.3891 11.9936 12.5004 12.3186 12.3773 12.0248 12.5042 12.3008 12.7034 12.1379 12.4939 
0 0 0 0 0 0 -90.4905 -18.3006 -3.777 -3.75494 -8.20907 -14.413 -2.07422 -15.7446 -23.0521 -15.9016 -17.0461 -10.7139 -8.14725 -12.0801 -9.86886 -12.996 -5.16948 -9.87723 2.66525 -3.05251 -11.6245 -11.3382 -27.685 -13.3414 -14.8141 -2.49539 -11.2474 -11.5682 -11.7044 -11.971 -11.459 -11.5014 -11.916 -11.841 -11.617 -11.5847 -11.6902 -11.6453 -11.8464 -11.5427 -11.2678 -11.779 -11.9882 -11.726 -11.5489 -11.6652 -11.6177 -11.6383 -11.2668 -11.7429 -11.5721 -11.6273 -11.2961 -11.7465 -11.5554 -11.9336 -11.4024 -11.7368 
0 0 0 0 0 0 0 -82.6963 -6.20539 -4.27212 -9.46538 2.25909 -5.27417 -4.39431 4.3431 -10.0973 -5.17409 -5.24054 -1.99528 -23.0366 -8.76813 -13.3525 -20.383 -4.44646 -8.42686 -5.93318 14.5198 7.19562 0.835275 -16.0246 -0.861219 -13.8925 -7.41357 -7.62498 -7.71479 -7.89053 -7.553 -7.58098 -7.85427 -7.8048 -7.65717 -7.63587 -7.7054 -7.67584 -7.80838 -7.60816 -7.42699 -7.76396 -7.90187 -7.72901 -7.61226 -7.68891 -7.6576 -7.67121 -7.42636 -7.74018 -7.62756 -7.66393 -7.44566 -7.74253 -7.61656 -7.86584 -7.51572 -7.73615 
0 0 0 0 0 0 0 0 80.582 17.7702 9.12933 13.7894 18.1984 18.6214 6.31029 10.8677 11.7291 -19.2731 8.09107 -4.28767 19.5501 16.7035 -6.49817 6.0557 -1.78802 11.2658 12.2937 3.12317 11.3538 18.3318 12.514 5.62923 7.55295 7.76833 7.85983 8.03887 7.695 7.7235 8.00193 7.95153 7.80113 7.77943 7.85027 7.82014 7.95518 7.7512 7.56662 7.90993 8.05042 7.87431 7.75537 7.83346 7.80156 7.81543 7.56597 7.88569 7.77096 7.80801 7.58564 7.88809 7.75976 8.01372 7.65702 7.88159 
0 0 0 0 0 0 0 0 0 -79.7107 3.74129 -2.76516 -20.7911 -6.79982 -2.18871 -15.6962 -6.07577 -3.46158 -5.12395 -13.4215 -9.99575 -12.8557 -20.0015 -0.072679 -3.5757 -8.12516 -4.37859 -20.9977 -10.8253 -7.45879 -17.084 -12.9711 -7.44474 -7.65703 -7.74722 -7.9237 -7.58476 -7.61284 -7.88729 -7.83761 -7.68936 -7.66797 -7.7378 -7.7081 -7.8412 -7.64015 -7.45821 -7.7966 -7.93508 -7.7615 -7.64426 -7.72123 -7.68979 -7.70346 -7.45758 -7.77272 -7.65963 -7.69615 -7.47696 -7.77508 -7.64858 -7.8989 -7.54731 -7.76867 
0 0 0 0 0 0 0 0 0 0 -86.8308 -27.9676 -13.4712 -13.1773 -14.4963 -5.08695 4.67304 -9.65514 -0.815161 -11.9414 -5.3034 -13.5292 -17.8683 -1.2516 -14.4142 -19.6439 -23.4741 -15.9108 -10.0593 -14.6386 -5.19832 -4.32148 -8.91432 -9.16852 -9.27652 -9.48783 -9.08198 -9.11562 -9.44424 -9.38475 -9.20724 -9.18163 -9.26523 -9.22968 -9.38905 -9.14831 -8.93046 -9.33565 -9.50147 -9.29361 -9.15323 -9.2454 -9.20775 -9.22411 -8.9297 -9.30704 -9.17164 -9.21536 -8.95291 -9.30987 -9.15841 -9.45814 -9.03715 -9.3022 
0 0 0 0 0 0 0 0 0 0 0 80.1741 -3.96874 -5.31684 10.7713 14.6407 -0.577997 13.3118 21.7855 7.61473 3.07251 19.9695 10.1133 -1.13419 -14.8134 14.963 16.2667 2.59054 2.5199 12.1483 10.3885 12.1554 8.09332 8.32411 8.42216 8.61402 8.24554 8.27608 8.57443 8.52042 8.35926 8.33601 8.41192 8.37964 8.52433 8.30576 8.10797 8.47584 8.62639 8.43768 8.31023 8.39391 8.35972 8.37458 8.10728 8.44988 8.32694 8.36664 8.12835 8.45244 8.31493 8.58706 8.20484 8.44548 
0 0 0 0 0 0 0 0 0 0 0 0 -80.1294 -16.3044 -10.02 -15.7622 -1.45543 -7.08889 4.81779 -3.50942 4.49416 -14.7137 1.91342 6.81334 1.19303 -6.46503 -6.12271 -21.5114 11.5748 8.40083 0.231137 -6.23517 -1.36509 -1.40402 -1.42056 -1.45292 -1.39077 -1.39592 -1.44624 -1.43713 -1.40995 -1.40603 -1.41883 -1.41339 -1.43779 -1.40093 -1.36756 -1.42961 -1.45501 -1.42318 -1.40168 -1.41579 -1.41003 -1.41253 -1.36745 -1.42523 -1.4045 -1.41119 -1.371 -1.42567 -1.40247 -1.44837 -1.3839 -1.42449 
0 0 0 0 0 0 0 0 0 0 0 0 0 -73.5665 -0.555776 -2.2931 -13.0426 -3.34457 12.6724 -1.29871 11.489 -5.83656 -10.9768 3.50442 -1.5045 -0.972158 3.9479 2.38025 -2.13708 -0.699562 1.05189 5.30019 -3.16461 -3.25485 -3.29319 -3.36821 -3.22413 -3.23607 -3.35273 -3.33161 -3.26859 -3.2595 -3.28918 -3.27656 -3.33314 -3.24767 -3.17034 -3.31418 -3.37305 -3.29926 -3.24942 -3.28214 -3.26877 -3.27458 -3.17007 -3.30403 -3.25595 -3.27148 -3.17831 -3.30503 -3.25126 -3.35767 -3.20821 -3.30231 
0 0 0 0 0 0 0 0 0 0 0 0 0 0 81.1162 -1.75864 1.57673 -0.912835 -3.17462 6.53565 18.7282 9.71693 0.304651 8.74077 14.1841 -8.56803 23.6035 2.22264 15.1918 1.54042 -13.5599 5.70289 3.85204 3.96189 4.00856 4.09987 3.92449 3.93903 4.08103 4.05532 3.97862 3.96755 4.00368 3.98831 4.05718 3.95315 3.85901 4.0341 4.10576 4.01594 3.95528 3.99511 3.97884 3.98591 3.85869 4.02175 3.96323 3.98213 3.86872 4.02297 3.95752 4.08704 3.90512 4.01965 
0 0 0 0 0 0 0 0 0 0 0 0 0 0 0 76.6662 13.4782 5.72293 8.65815 1.8965 -2.15035 16.8333 2.95564 -6.27956 4.04761 11.4871 -2.81592 1.42402 1.64674 10.0709 4.7694 9.64277 4.29164 4.41402 4.46601 4.56774 4.37235 4.38854 4.54675 4.51811 4.43265 4.42032 4.46057 4.44346 4.52019 4.40428 4.2994 4.49447 4.5743 4.47424 4.40665 4.45103 4.4329 4.44078 4.29904 4.4807 4.41551 4.43657 4.31021 4.48207 4.40915 4.55345 4.35077 4.47837 
0 0 0 0 0 0 0 0 0 0 0 0 0 0 0 0 85.3956 2.85519 1.82444 19.5669 10.5237 21.1171 10.1444 14.2112 15.5937 5.79218 7.73976 -4.50049 7.39506 5.54539 11.4586 4.47202 7.229 7.43514 7.52272 7.69408 7.36496 7.39224 7.65873 7.61049 7.46653 7.44577 7.51357 7.48473 7.61398 7.41875 7.24208 7.57067 7.70514 7.53658 7.42274 7.49748 7.46695 7.48022 7.24147 7.54747 7.43767 7.47312 7.26029 7.54977 7.42694 7.67001 7.3286 7.54355 
0 0 0 0 0 0 0 0 0 0 0 0 0 0 0 0 0 74.6364 4.4166 -8.88813 1.78997 0.592556 1.25121 5.78951 5.76878 4.96748 3.21387 6.60812 3.87547 1.11479 -10.547 2.27751 3.25109 3.34379 3.38318 3.46025 3.31223 3.3245 3.44435 3.42265 3.35791 3.34857 3.37906 3.3661 3.42422 3.33642 3.25697 3.40474 3.46522 3.38941 3.33822 3.37183 3.3581 3.36407 3.25669 3.39431 3.34493 3.36088 3.26516 3.39535 3.3401 3.44942 3.29588 3.39255 
0 0 0 0 0 0 0 0 0 0 0 0 0 0 0 0 0 0 -78.1583 -10.2286 -6.0941 -16.7374 -11.0446 -6.32235 3.14408 2.55393 -5.91135 7.13555 -2.94657 -12.4316 -5.01791 3.37305 -1.60679 -1.65261 -1.67207 -1.71016 -1.63701 -1.64307 -1.7023 -1.69158 -1.65959 -1.65497 -1.67004 -1.66363 -1.69236 -1.64896 -1.6097 -1.68273 -1.71262 -1.67515 -1.64985 -1.66646 -1.65968 -1.66263 -1.60956 -1.67758 -1.65317 -1.66105 -1.61374 -1.67809 -1.65078 -1.70481 -1.62893 -1.6767 
0 0 0 0 0 0 0 0 0 0 0 0 0 0 0 0 0 0 0 -75.3283 11.936 -16.7509 1.54241 -1.56567 0.0241231 1.92357 4.8631 -3.53219 -5.28096 8.80868 -0.148157 1.58286 -2.05963 -2.11837 -2.14332 -2.19214 -2.09837 -2.10614 -2.18207 -2.16833 -2.12731 -2.1214 -2.14071 -2.1325 -2.16932 -2.1137 -2.06336 -2.15698 -2.19529 -2.14727 -2.11483 -2.13613 -2.12743 -2.13121 -2.06319 -2.15037 -2.11909 -2.12919 -2.06855 -2.15103 -2.11603 -2.18528 -2.08801 -2.14925 
0 0 0 0 0 0 0 0 0 0 0 0 0 0 0 0 0 0 0 0 73.3209 13.4287 10.1373 4.9177 -0.756052 -0.785498 -8.42343 1.761 -6.87963 16.4951 -2.56179 5.09036 2.57667 2.65015 2.68137 2.74245 2.62514 2.63486 2.72985 2.71265 2.66134 2.65394 2.6781 2.66783 2.71389 2.64431 2.58134 2.69846 2.74639 2.68631 2.64573 2.67237 2.66149 2.66622 2.58112 2.69019 2.65105 2.66369 2.58783 2.69101 2.64723 2.73387 2.61218 2.68879 
0 0 0 0 0 0 0 0 0 0 0 0 0 0 0 0 0 0 0 0 0 -65.8455 2.86844 13.9357 4.66782 -5.2866 5.23065 6.93918 -5.66787 -8.72393 2.2773 8.0944 0.280929 0.28894 0.292343 0.299003 0.286212 0.287272 0.297629 0.295754 0.29016 0.289353 0.291987 0.290867 0.295889 0.288303 0.281437 0.294206 0.299432 0.292882 0.288458 0.291362 0.290176 0.290692 0.281413 0.293305 0.289038 0.290416 0.282145 0.293394 0.288621 0.298067 0.2848 0.293152 
0 0 0 0 0 0 0 0 0 0 0 0 0 0 0 0 0 0 0 0 0 0 70.3202 2.27793 3.69966 13.0769 0.349804 -0.117717 -11.4267 4.84494 20.4449 11.2092 2.91818 3.00139 3.03675 3.10592 2.97306 2.98407 3.09165 3.07218 3.01407 3.00568 3.03305 3.02141 3.07358 2.99478 2.92346 3.0561 3.11038 3.04234 2.99639 3.02656 3.01423 3.01959 2.92321 3.04674 3.00241 3.01673 2.93081 3.04766 2.99808 3.0962 2.95839 3.04515 
0 0 0 0 0 0 0 0 0 0 0 0 0 0 0 0 0 0 0 0 0 0 0 78.226 7.67208 8.72404 13.716 17.259 5.25373 -7.26747 15.6777 11.6488 4.45549 4.58255 4.63653 4.74214 4.53929 4.5561 4.72035 4.69062 4.6019 4.5891 4.63088 4.61311 4.69277 4.57244 4.46356 4.66608 4.74896 4.64507 4.5749 4.62097 4.60215 4.61033 4.46318 4.65178 4.5841 4.60596 4.47478 4.6532 4.57749 4.7273 4.51689 4.64936 
0 0 0 0 0 0 0 0 0 0 0 0 0 0 0 0 0 0 0 0 0 0 0 0 82.0974 19.4248 7.49954 7.36497 2.89969 8.14451 0.620937 5.47012 6.04428 6.21664 6.28986 6.43314 6.15796 6.18076 6.40358 6.36325 6.24288 6.22552 6.28221 6.2581 6.36616 6.20293 6.05522 6.32995 6.44238 6.30145 6.20627 6.26876 6.24323 6.25433 6.0547 6.31056 6.21875 6.24839 6.07044 6.31248 6.20978 6.41301 6.12756 6.30727 
0 0 0 0 0 0 0 0 0 0 0 0 0 0 0 0 0 0 0 0 0 0 0 0 0 -67.7265 -7.38081 -11.3989 -4.53908 0.802677 -13.7976 0.671539 -3.73604 -3.84257 -3.88784 -3.9764 -3.8063 -3.8204 -3.95813 -3.9332 -3.8588 -3.84807 -3.88311 -3.86821 -3.935 -3.8341 -3.7428 -3.91262 -3.98211 -3.895 -3.83617 -3.87479 -3.85901 -3.86587 -3.74248 -3.90063 -3.84388 -3.86221 -3.75221 -3.90182 -3.83833 -3.96396 -3.78752 -3.8986 
0 0 0 0 0 0 0 0 0 0 0 0 0 0 0 0 0 0 0 0 0 0 0 0 0 0 74.0245 -0.0716468 -12.4286 -7.11339 5.38768 2.98677 1.49319 1.53576 1.55385 1.58925 1.52127 1.5269 1.58195 1.57198 1.54225 1.53796 1.55196 1.54601 1.5727 1.53238 1.49589 1.56376 1.59153 1.55672 1.5332 1.54864 1.54234 1.54508 1.49576 1.55897 1.53629 1.54361 1.49965 1.55944 1.53407 1.58428 1.51376 1.55816 
0 0 0 0 0 0 0 0 0 0 0 0 0 0 0 0 0 0 0 0 0 0 0 0 0 0 0 72.7768 11.8419 1.27409 -19.3637 -9.23519 -0.175874 -0.180889 -0.18302 -0.187189 -0.179182 -0.179845 -0.186329 -0.185155 -0.181653 -0.181148 -0.182797 -0.182096 -0.18524 -0.18049 -0.176192 -0.184186 -0.187458 -0.183357 -0.180587 -0.182406 -0.181663 -0.181986 -0.176177 -0.183622 -0.180951 -0.181813 -0.176635 -0.183678 -0.18069 -0.186603 -0.178297 -0.183527 
0 0 0 0 0 0 0 0 0 0 0 0 0 0 0 0 0 0 0 0 0 0 0 0 0 0 0 0 -74.8393 2.85115 2.18272 -6.46054 -3.20062 -3.29189 -3.33067 -3.40654 -3.26082 -3.27289 -3.39088 -3.36952 -3.30579 -3.2966 -3.32661 -3.31385 -3.37107 -3.28463 -3.20641 -3.35189 -3.41143 -3.3368 -3.2864 -3.31949 -3.30597 -3.31185 -3.20614 -3.34163 -3.29301 -3.30871 -3.21447 -3.34264 -3.28826 -3.39588 -3.24472 -3.33989 
0 0 0 0 0 0 0 0 0 0 0 0 0 0 0 0 0 0 0 0 0 0 0 0 0 0 0 0 0 -74.0826 -7.29095 -9.53987 -4.81219 -4.94942 -5.00772 -5.12179 -4.9027 -4.92086 -5.09826 -5.06614 -4.97032 -4.95649 -5.00162 -4.98243 -5.06846 -4.93851 -4.8209 -5.03963 -5.12915 -5.01694 -4.94116 -4.99092 -4.97059 -4.97943 -4.82049 -5.0242 -4.9511 -4.9747 -4.83302 -5.02572 -4.94396 -5.10576 -4.8785 -5.02158 
0 0 0 0 0 0 0 0 0 0 0 0 0 0 0 0 0 0 0 0 0 0 0 0 0 0 0 0 0 0 -73.0121 -11.0493 -3.63396 -3.73758 -3.78161 -3.86775 -3.7023 -3.71601 -3.84998 -3.82573 -3.75336 -3.74292 -3.77701 -3.76251 -3.82748 -3.72934 -3.64053 -3.80571 -3.87331 -3.78858 -3.73135 -3.76892 -3.75357 -3.76024 -3.64022 -3.79405 -3.73885 -3.75668 -3.64968 -3.7952 -3.73346 -3.85565 -3.68403 -3.79208 
0 0 0 0 0 0 0 0 0 0 0 0 0 0 0 0 0 0 0 0 0 0 0 0 0 0 0 0 0 0 0 69.0402 0.0106096 0.0109122 0.0110407 0.0112922 0.0108092 0.0108492 0.0112403 0.0111695 0.0109582 0.0109278 0.0110273 0.010985 0.0111746 0.0108881 0.0106288 0.0111111 0.0113084 0.011061 0.010894 0.0110037 0.0109589 0.0109783 0.0106279 0.011077 0.0109159 0.0109679 0.0106555 0.0110804 0.0109001 0.0112569 0.0107558 0.0110713 
0 0 0 0 0 0 0 0 0 0 0 0 0 0 0 0 0 0 0 0 0 0 0 0 0 0 0 0 0 0 0 0 81.154 4.24351 7.81741 7.8632 0.172896 3.33494 0.138586 -1.89671 7.05905 2.54776 -0.191539 3.13349 -5.25409 -0.552591 7.988 1.8111 2.71553 -1.91032 1.27946 -4.76788 -0.445522 6.39913 2.93647 4.56056 1.85718 3.50616 2.85079 0.357051 2.16294 2.27371 4.8849 2.28035 
0 0 0 0 0 0 0 0 0 0 0 0 0 0 0 0 0 0 0 0 0 0 0 0 0 0 0 0 0 0 0 0 0 -83.0597 -2.12194 -0.026447 -3.22352 -2.10062 -0.99103 -2.96347 -1.3645 1.22491 -2.61275 0.159172 -0.119834 -0.324726 -0.943597 1.32755 -1.08326 -1.39115 -1.21643 -1.04791 -6.79814 -1.33007 -1.21348 -2.44481 -6.00397 -0.52371 -3.1595 -3.98456 0.282001 4.00914 -2.32947 -7.7491 
0 0 0 0 0 0 0 0 0 0 0 0 0 0 0 0 0 0 0 0 0 0 0 0 0 0 0 0 0 0 0 0 0 0 -80.5023 4.43028 -2.43152 -1.56856 -5.16341 -3.83876 -3.24 -1.06761 -5.0727 -1.71492 2.04236 -3.05277 -5.14117 -2.94042 -4.01663 -0.85402 0.726592 -4.52988 -2.05511 -0.712525 0.527602 1.66441 -0.493393 -4.32231 -1.55355 -3.58604 0.41765 2.3905 -3.76999 -2.8398 
0 0 0 0 0 0 0 0 0 0 0 0 0 0 0 0 0 0 0 0 0 0 0 0 0 0 0 0 0 0 0 0 0 0 0 79.4311 3.17909 1.61413 2.36793 2.08961 4.2795 -0.307738 3.03394 4.83103 4.0271 5.20796 3.18891 2.38606 1.34154 2.03407 0.845823 -3.51523 2.23235 4.49406 2.30215 5.89282 -2.68812 -1.08924 3.1337 -2.28985 -3.29723 2.21379 -4.99603 -0.324105 
0 0 0 0 0 0 0 0 0 0 0 0 0 0 0 0 0 0 0 0 0 0 0 0 0 0 0 0 0 0 0 0 0 0 0 0 82.1281 0.00943559 2.30558 0.67115 -4.93333 -0.864063 3.41714 -2.15097 0.0485405 3.64758 1.19561 1.12823 2.87846 3.84711 2.71752 3.00608 -2.54073 2.27103 5.23686 6.01005 0.878147 0.239191 -2.91046 0.490137 -6.55011 0.224485 0.458798 1.66306 
0 0 0 0 0 0 0 0 0 0 0 0 0 0 0 0 0 0 0 0 0 0 0 0 0 0 0 0 0 0 0 0 0 0 0 0 0 -83.7392 -0.715536 -7.1051 -0.71239 -3.66608 -3.5409 2.84429 -2.13613 0.600835 4.95929 0.130781 -2.51681 -1.03155 1.54473 -1.69976 -0.129992 -4.8669 -1.23007 -3.51548 -0.213405 -3.30856 -1.12801 -6.47203 -3.93896 -0.737699 2.08618 -1.20264 
0 0 0 0 0 0 0 0 0 0 0 0 0 0 0 0 0 0 0 0 0 0 0 0 0 0 0 0 0 0 0 0 0 0 0 0 0 0 -82.9118 0.512031 -3.20144 -1.71888 -2.98072 1.05309 -3.72302 -5.2951 -3.02413 -1.72649 -1.37351 -1.34928 2.45996 2.26798 -1.28611 -2.9393 -2.42151 2.6927 -0.853342 -1.33041 -3.74883 2.11434 3.84501 -2.73953 -5.58963 -0.923314 
0 0 0 0 0 0 0 0 0 0 0 0 0 0 0 0 0 0 0 0 0 0 0 0 0 0 0 0 0 0 0 0 0 0 0 0 0 0 0 79.3654 7.93046 6.02038 -2.61602 5.09169 -2.27066 1.29514 -0.870831 3.94985 3.57444 1.46172 1.00833 -0.0352862 0.786258 3.58341 -0.495715 5.66788 2.73996 0.959557 -0.314964 0.530038 6.49566 2.95972 -2.65416 3.23994 
0 0 0 0 0 0 0 0 0 0 0 0 0 0 0 0 0 0 0 0 0 0 0 0 0 0 0 0 0 0 0 0 0 0 0 0 0 0 0 0 -82.0276 -4.98837 -3.77929 -5.86916 2.87688 -3.18927 -1.09986 -2.2001 2.06331 4.84294 1.62868 2.10196 -2.70041 -4.13306 0.845047 -2.74559 -1.02024 -2.9459 -4.72032 -1.32751 -1.58676 -0.953419 -3.34178 -1.69188 
0 0 0 0 0 0 0 0 0 0 0 0 0 0 0 0 0 0 0 0 0 0 0 0 0 0 0 0 0 0 0 0 0 0 0 0 0 0 0 0 0 82.4133 -1.8211 1.43063 -3.01772 2.44708 2.60321 -0.538923 1.84457 0.698106 2.93538 -0.239286 2.13082 0.749687 1.66045 0.893378 2.37372 4.13284 2.37685 9.28736 -1.12548 -2.37242 -4.04322 3.77667 
0 0 0 0 0 0 0 0 0 0 0 0 0 0 0 0 0 0 0 0 0 0 0 0 0 0 0 0 0 0 0 0 0 0 0 0 0 0 0 0 0 0 81.5539 -0.0353198 -0.425503 0.327392 -0.145249 2.89429 2.9286 -3.17502 1.30174 -0.599614 4.21095 -3.55221 2.82116 2.28298 0.15265 1.19288 3.39262 1.16611 -0.664217 -1.94414 1.14935 -0.615788 
0 0 0 0 0 0 0 0 0 0 0 0 0 0 0 0 0 0 0 0 0 0 0 0 0 0 0 0 0 0 0 0 0 0 0 0 0 0 0 0 0 0 0 80.2877 0.622076 1.45472 -0.134812 6.30685 -5.16183 2.29964 -0.0837716 0.611457 5.97545 -0.423043 -1.37993 3.78044 1.48996 0.200696 3.03194 -0.954006 2.8729 5.56755 1.39029 4.81242 
0 0 0 0 0 0 0 0 0 0 0 0 0 0 0 0 0 0 0 0 0 0 0 0 0 0 0 0 0 0 0 0 0 0 0 0 0 0 0 0 0 0 0 0 79.5433 0.463954 4.06696 -2.79565 2.61097 4.34187 0.36622 0.881133 3.04884 6.79113 4.16669 -1.83215 -0.197669 5.95249 -3.9709 -2.03716 5.92638 5.57314 -3.066 -1.42403 
0 0 0 0 0 0 0 0 0 0 0 0 0 0 0 0 0 0 0 0 0 0 0 0 0 0 0 0 0 0 0 0 0 0 0 0 0 0 0 0 0 0 0 0 0 -83.0752 0.450741 1.01588 0.5013 -3.48346 4.26062 -1.12891 -5.03535 -4.98903 -3.18641 -1.73195 -2.41625 3.13138 -2.44973 0.990108 -5.76747 -2.94032 -2.27794 -6.4275 
0 0 0 0 0 0 0 0 0 0 0 0 0 0 0 0 0 0 0 0 0 0 0 0 0 0 0 0 0 0 0 0 0 0 0 0 0 0 0 0 0 0 0 0 0 0 81.8078 -1.28837 -2.00168 0.825202 2.83931 -1.72947 -0.110747 -0.755118 5.71513 -2.5184 4.67215 1.64598 1.14621 4.00407 1.43845 1.22283 -3.19356 6.52976 
0 0 0 0 0 0 0 0 0 0 0 0 0 0 0 0 0 0 0 0 0 0 0 0 0 0 0 0 0 0 0 0 0 0 0 0 0 0 0 0 0 0 0 0 0 0 0 80.5892 5.43412 7.22848 3.53194 1.90089 2.95704 1.47637 1.00029 2.77543 -3.25434 -2.93834 4.06833 1.70968 0.840777 -6.43271 1.20375 -3.6473 
0 0 0 0 0 0 0 0 0 0 0 0 0 0 0 0 0 0 0 0 0 0 0 0 0 0 0 0 0 0 0 0 0 0 0 0 0 0 0 0 0 0 0 0 0 0 0 0 -82.0964 -7.48107 2.30752 -6.23977 -0.610533 3.64764 -5.77813 1.33555 0.434085 -1.98297 -1.14813 -3.99637 -2.15257 0.10473 -6.05939 1.78875 
0 0 0 0 0 0 0 0 0 0 0 0 0 0 0 0 0 0 0 0 0 0 0 0 0 0 0 0 0 0 0 0 0 0 0 0 0 0 0 0 0 0 0 0 0 0 0 0 0 -82.236 1.22573 3.80712 0.99524 -3.05051 -1.38749 0.174387 -1.74678 -2.73932 -7.55331 3.28228 4.0806 -3.87867 -7.92137 -4.35352 
0 0 0 0 0 0 0 0 0 0 0 0 0 0 0 0 0 0 0 0 0 0 0 0 0 0 0 0 0 0 0 0 0 0 0 0 0 0 0 0 0 0 0 0 0 0 0 0 0 0 81.5545 0.10098 0.507265 2.88893 5.71319 3.20679 -1.86519 -1.16738 1.5358 2.75973 7.11799 5.65928 5.30083 2.88777 
0 0 0 0 0 0 0 0 0 0 0 0 0 0 0 0 0 0 0 0 0 0 0 0 0 0 0 0 0 0 0 0 0 0 0 0 0 0 0 0 0 0 0 0 0 0 0 0 0 0 0 83.8895 2.63029 6.35496 4.97255 -0.226184 -2.17034 4.19724 -1.56162 1.67691 4.67302 1.89188 2.64525 -3.80127 
0 0 0 0 0 0 0 0 0 0 0 0 0 0 0 0 0 0 0 0 0 0 0 0 0 0 0 0 0 0 0 0 0 0 0 0 0 0 0 0 0 0 0 0 0 0 0 0 0 0 0 0 -82.338 6.67378 -1.48786 1.44969 2.81785 -4.0603 -3.36827 -0.209818 -7.54701 -3.91582 -2.19238 -4.33497 
0 0 0 0 0 0 0 0 0 0 0 0 0 0 0 0 0 0 0 0 0 0 0 0 0 0 0 0 0 0 0 0 0 0 0 0 0 0 0 0 0 0 0 0 0 0 0 0 0 0 0 0 0 -81.7899 -0.203429 -5.05407 -2.02543 2.46151 -8.85118 3.31896 3.3143 -2.21091 -2.6279 -3.18247 
0 0 0 0 0 0 0 0 0 0 0 0 0 0 0 0 0 0 0 0 0 0 0 0 0 0 0 0 0 0 0 0 0 0 0 0 0 0 0 0 0 0 0 0 0 0 0 0 0 0 0 0 0 0 81.62 -0.519796 5.07487 -0.562401 2.13553 -6.20499 2.121 8.04145 0.864242 -2.73083 
0 0 0 0 0 0 0 0 0 0 0 0 0 0 0 0 0 0 0 0 0 0 0 0 0 0 0 0 0 0 0 0 0 0 0 0 0 0 0 0 0 0 0 0 0 0 0 0 0 0 0 0 0 0 0 -81.6548 7.64634 2.87686 4.04006 -1.21613 2.95367 -3.42404 -8.25982 -1.00673 
0 0 0 0 0 0 0 0 0 0 0 0 0 0 0 0 0 0 0 0 0 0 0 0 0 0 0 0 0 0 0 0 0 0 0 0 0 0 0 0 0 0 0 0 0 0 0 0 0 0 0 0 0 0 0 0 -81.45 4.09179 0.466991 -1.74461 -3.19937 4.0645 -7.12729 -1.69194 
0 0 0 0 0 0 0 0 0 0 0 0 0 0 0 0 0 0 0 0 0 0 0 0 0 0 0 0 0 0 0 0 0 0 0 0 0 0 0 0 0 0 0 0 0 0 0 0 0 0 0 0 0 0 0 0 0 -82.6112 -0.0697186 -0.321973 -2.65374 0.363894 -1.5435 0.470668 
0 0 0 0 0 0 0 0 0 0 0 0 0 0 0 0 0 0 0 0 0 0 0 0 0 0 0 0 0 0 0 0 0 0 0 0 0 0 0 0 0 0 0 0 0 0 0 0 0 0 0 0 0 0 0 0 0 0 77.0367 2.16735 -1.84971 0.504679 3.78813 3.40267 
0 0 0 0 0 0 0 0 0 0 0 0 0 0 0 0 0 0 0 0 0 0 0 0 0 0 0 0 0 0 0 0 0 0 0 0 0 0 0 0 0 0 0 0 0 0 0 0 0 0 0 0 0 0 0 0 0 0 0 -81.3539 0.505251 -2.57373 -0.135712 4.85736 
0 0 0 0 0 0 0 0 0 0 0 0 0 0 0 0 0 0 0 0 0 0 0 0 0 0 0 0 0 0 0 0 0 0 0 0 0 0 0 0 0 0 0 0 0 0 0 0 0 0 0 0 0 0 0 0 0 0 0 0 81.0553 5.87541 0.414606 2.57893 
0 0 0 0 0 0 0 0 0 0 0 0 0 0 0 0 0 0 0 0 0 0 0 0 0 0 0 0 0 0 0 0 0 0 0 0 0 0 0 0 0 0 0 0 0 0 0 0 0 0 0 0 0 0 0 0 0 0 0 0 0 -82.2471 1.60795 1.82194 
0 0 0 0 0 0 0 0 0 0 0 0 0 0 0 0 0 0 0 0 0 0 0 0 0 0 0 0 0 0 0 0 0 0 0 0 0 0 0 0 0 0 0 0 0 0 0 0 0 0 0 0 0 0 0 0 0 0 0 0 0 0 80.5103 0.926477 
0 0 0 0 0 0 0 0 0 0 0 0 0 0 0 0 0 0 0 0 0 0 0 0 0 0 0 0 0 0 0 0 0 0 0 0 0 0 0 0 0 0 0 0 0 0 0 0 0 0 0 0 0 0 0 0 0 0 0 0 0 0 0 -78.8929 
