-60.0658 -43.6748 -48.4874 -41.545 -43.6525 -45.1894 -44.0706 -43.434 -43.9088 -46.5154 -44.2358 -44.8883 -44.0423 -45.242 -42.7837 -41.7829 -39.0985 -42.3505 -39.003 -44.3946 -41.8286 -45.5933 -46.7141 -43.5061 -46.712 -46.732 -43.4817 -45.3217 -48.1133 -39.6924 -45.7056 -36.4964 
0 -37.5019 -15.878 -16.3118 -14.4895 -17.4576 -17.5982 -12.584 -15.6995 -14.6008 -7.14866 -20.5421 -12.2459 -15.2686 -13.0667 -16.7804 -13.1754 -14.2713 -13.1432 -14.9601 -14.0954 -15.364 -15.7417 -14.6607 -15.741 -15.7477 -14.6525 -15.2725 -16.2132 -13.3755 -15.4018 -12.2986 
0 0 -31.8931 -13.1623 -4.95281 -7.30163 -6.82608 -7.20084 -9.01756 -7.71106 -9.21122 -8.73186 -10.3474 -10.3155 -16.1563 -8.82522 -7.73216 -8.37528 -7.71328 -8.77952 -8.27206 -9.01659 -9.23823 -8.60381 -9.23782 -9.24176 -8.59899 -8.96288 -9.51494 -7.84961 -9.03878 -7.21757 
0 0 0 32.6424 5.21507 8.85442 10.143 11.1553 2.97233 12.8255 6.25175 5.72454 12.4793 4.39388 8.36379 4.41832 7.04781 7.634 7.0306 8.00247 7.53992 8.21855 8.42058 7.84231 8.4202 8.4238 7.83792 8.16959 8.6728 7.15486 8.23878 6.57876 
0 0 0 0 32.7498 3.153 8.54389 10.8741 4.46488 9.9455 2.74813 1.73004 9.08731 7.01966 3.09058 10.3011 6.30318 6.82744 6.28779 7.15698 6.7433 7.35023 7.53091 7.01374 7.53058 7.53379 7.00981 7.30645 7.75649 6.39892 7.36833 5.88369 
0 0 0 0 0 -29.6948 -11.1472 -4.00669 -7.29565 -7.25958 -1.37861 -8.77708 -3.63388 -4.73544 -3.08057 -2.81439 -3.86599 -4.18754 -3.85655 -4.38966 -4.13593 -4.50819 -4.61901 -4.30181 -4.6188 -4.62077 -4.2994 -4.48133 -4.75736 -3.92471 -4.51929 -3.6087 
0 0 0 0 0 0 -31.9932 -6.47023 -1.33537 -1.32757 -2.90235 -5.09577 -0.733347 -5.56656 -8.15015 -5.62208 -3.63172 -3.93378 -3.62285 -4.12365 -3.8853 -4.235 -4.33911 -4.04112 -4.33891 -4.34076 -4.03886 -4.20977 -4.46907 -3.68688 -4.24543 -3.39002 
0 0 0 0 0 0 0 -29.2376 -2.19394 -1.51042 -3.34652 0.79871 -1.8647 -1.55362 1.53552 -3.56995 -2.39379 -2.59289 -2.38795 -2.71804 -2.56094 -2.79144 -2.86005 -2.66364 -2.85993 -2.86115 -2.66215 -2.77481 -2.94572 -2.43015 -2.79831 -2.23448 
0 0 0 0 0 0 0 0 -28.49 -6.28271 -3.2277 -4.87528 -6.43409 -6.58365 -2.23102 -3.8423 -2.43879 -2.64164 -2.43284 -2.76914 -2.60908 -2.84391 -2.91382 -2.71372 -2.91369 -2.91494 -2.7122 -2.82697 -3.0011 -2.47584 -2.85092 -2.27649 
0 0 0 0 0 0 0 0 0 28.182 -1.32275 0.977633 7.35076 2.4041 0.773827 5.54946 2.40385 2.60379 2.39798 2.72947 2.5717 2.80317 2.87208 2.67484 2.87195 2.87317 2.67334 2.78647 2.9581 2.44037 2.81007 2.24387 
0 0 0 0 0 0 0 0 0 0 -30.6993 -9.88805 -4.7628 -4.65887 -5.12523 -1.79851 -2.87837 -3.11778 -2.87134 -3.26826 -3.07936 -3.35651 -3.43902 -3.20285 -3.43887 -3.44034 -3.20106 -3.33652 -3.54203 -2.92209 -3.36478 -2.68681 
0 0 0 0 0 0 0 0 0 0 0 28.3458 -1.40316 -1.87979 3.80823 5.17626 2.61328 2.83064 2.6069 2.96726 2.79575 3.04738 3.12229 2.90787 3.12215 3.12349 2.90625 3.02923 3.21581 2.65297 3.05488 2.43936 
0 0 0 0 0 0 0 0 0 0 0 0 28.33 5.76447 3.54261 5.57277 0.44078 0.477441 0.439703 0.500485 0.471557 0.514 0.526635 0.490469 0.526611 0.526836 0.490194 0.510938 0.542409 0.447475 0.515265 0.411445 
0 0 0 0 0 0 0 0 0 0 0 0 0 26.0097 0.196497 0.810732 1.02183 1.10682 1.01933 1.16024 1.09318 1.19157 1.22086 1.13702 1.22081 1.22133 1.13638 1.18447 1.25743 1.03735 1.1945 0.953825 
0 0 0 0 0 0 0 0 0 0 0 0 0 0 28.6789 -0.621773 1.2438 1.34725 1.24076 1.41228 1.33065 1.45041 1.48607 1.38401 1.486 1.48663 1.38324 1.44177 1.53058 1.26269 1.45398 1.16102 
0 0 0 0 0 0 0 0 0 0 0 0 0 0 0 27.1056 1.38574 1.501 1.38236 1.57344 1.4825 1.61593 1.65565 1.54195 1.65558 1.65629 1.54109 1.60631 1.70525 1.40679 1.61991 1.29352 
0 0 0 0 0 0 0 0 0 0 0 0 0 0 0 0 27.9078 1.39693 -2.53784 1.03913 1.72049 0.506172 -0.52494 2.17956 1.23649 3.53326 0.920811 -5.30624 2.53883 3.33045 -0.410838 1.11393 
0 0 0 0 0 0 0 0 0 0 0 0 0 0 0 0 0 30.6509 -3.26496 4.5222 0.00266078 1.02468 0.621987 0.894882 -0.484634 -0.602882 -1.52022 -1.42627 4.29048 0.904606 -2.06778 -1.01936 
0 0 0 0 0 0 0 0 0 0 0 0 0 0 0 0 0 0 -26.8461 0.11412 -3.55601 -1.9556 -3.16685 -1.90037 -2.71213 -2.94546 0.000354397 -0.0307299 -6.84665 2.69533 1.86997 -1.10898 
0 0 0 0 0 0 0 0 0 0 0 0 0 0 0 0 0 0 0 27.6391 2.36529 -0.58392 -0.0431443 0.69984 2.48176 2.36187 4.06916 0.824454 -3.26149 -3.7819 3.87517 -6.78104 
0 0 0 0 0 0 0 0 0 0 0 0 0 0 0 0 0 0 0 0 -29.9445 2.70001 -4.22853 0.977995 -0.178994 -5.40329 -1.1678 -1.65068 0.584334 -2.03277 -1.74497 0.590615 
0 0 0 0 0 0 0 0 0 0 0 0 0 0 0 0 0 0 0 0 0 -28.5877 -2.40158 -1.36392 0.214966 -2.49983 -1.94645 -0.454001 3.67248 -3.75795 -2.88333 0.282423 
0 0 0 0 0 0 0 0 0 0 0 0 0 0 0 0 0 0 0 0 0 0 -28.6635 -1.67437 2.77145 -6.55092 -1.43397 2.13634 1.98752 2.35737 -9.67017 -3.64414 
0 0 0 0 0 0 0 0 0 0 0 0 0 0 0 0 0 0 0 0 0 0 0 -29.2901 -3.18724 3.79477 1.1505 -1.71946 -1.27811 -3.17677 -2.34048 -5.21614 
0 0 0 0 0 0 0 0 0 0 0 0 0 0 0 0 0 0 0 0 0 0 0 0 29.2416 0.545872 1.91224 4.29076 5.22742 4.61673 1.03047 4.8124 
0 0 0 0 0 0 0 0 0 0 0 0 0 0 0 0 0 0 0 0 0 0 0 0 0 27.8925 -0.977261 -0.775093 3.72746 -2.32353 1.3598 1.95392 
0 0 0 0 0 0 0 0 0 0 0 0 0 0 0 0 0 0 0 0 0 0 0 0 0 0 -28.7749 -5.37539 0.684501 -4.72338 3.2181 1.95204 
0 0 0 0 0 0 0 0 0 0 0 0 0 0 0 0 0 0 0 0 0 0 0 0 0 0 0 27.7268 2.04431 -2.06797 -1.43063 4.40273 
0 0 0 0 0 0 0 0 0 0 0 0 0 0 0 0 0 0 0 0 0 0 0 0 0 0 0 0 -29.4184 2.09245 -0.843307 0.857804 
0 0 0 0 0 0 0 0 0 0 0 0 0 0 0 0 0 0 0 0 0 0 0 0 0 0 0 0 0 26.1711 -3.56526 -0.969212 
0 0 0 0 0 0 0 0 0 0 0 0 0 0 0 0 0 0 0 0 0 0 0 0 0 0 0 0 0 0 -26.8388 -1.34135 
0 0 0 0 0 0 0 0 0 0 0 0 0 0 0 0 0 0 0 0 0 0 0 0 0 0 0 0 0 0 0 -25.2628 
