571.725 
51.9134 
48.8861 
48.3291 
47.6352 
47.5276 
47.2124 
46.507 
45.5268 
45.232 
44.9434 
43.726 
43.6399 
43.3265 
42.2111 
41.9453 
41.5264 
41.2934 
40.9529 
40.44 
40.1346 
39.7883 
38.9321 
38.8624 
38.6561 
38.6309 
38.2018 
37.7424 
37.3034 
36.6414 
36.5273 
36.1388 
35.3089 
34.7997 
34.3307 
34.0211 
33.4794 
33.3442 
33.071 
32.6969 
32.5272 
32.4138 
31.9147 
31.2708 
31.2612 
31.1254 
30.7065 
30.2993 
29.9568 
29.7832 
28.8124 
28.6965 
28.5155 
28.3984 
28.238 
27.9034 
27.5256 
27.2755 
26.8453 
26.6317 
26.4447 
26.1165 
25.9761 
25.5096 
25.3361 
25.1083 
24.7865 
24.3922 
24.2707 
23.8164 
23.6873 
23.1118 
22.968 
22.6851 
22.1875 
21.9081 
21.8925 
21.7099 
21.6081 
21.1445 
21.0617 
20.7764 
20.2144 
20.1668 
19.7669 
19.51 
19.214 
19.0997 
18.6136 
18.4472 
18.335 
18.0825 
17.7094 
17.6039 
17.4097 
17.2437 
16.6913 
16.4 
15.9987 
15.8822 
15.4958 
15.0379 
14.637 
14.5997 
13.8621 
13.7684 
13.5721 
13.3865 
12.9693 
12.5225 
12.4787 
12.0841 
11.8605 
11.2385 
11.0678 
10.7662 
10.2969 
10.0261 
9.78124 
9.69078 
9.44348 
9.28733 
9.02968 
7.78764 
7.24257 
7.18136 
6.94537 
6.44267 
