-169.892 -123.531 -137.143 -117.507 -123.468 -127.815 -124.65 -122.85 -124.193 -131.566 -125.118 -126.963 -124.57 -127.964 -121.01 -118.18 -121.088 -124.541 -126.008 -128.878 -123.365 -123.822 -128.286 -127.478 -125.067 -124.719 -125.855 -125.372 -127.537 -124.266 -121.307 -126.811 
0 -106.071 -44.9099 -46.1366 -40.9825 -49.3776 -49.7752 -35.5929 -44.4048 -41.2973 -20.2195 -58.1019 -34.6366 -43.1861 -36.9581 -47.462 -40.8042 -41.9678 -42.4621 -43.4294 -41.5716 -41.7256 -43.2298 -42.9575 -42.145 -42.0278 -42.4105 -42.2477 -42.9772 -41.8753 -40.8781 -42.7328 
0 0 -90.2074 -37.2286 -14.0087 -20.6521 -19.3071 -20.3671 -25.5055 -21.8102 -26.0533 -24.6974 -29.2668 -29.1767 -45.697 -24.9615 -23.9465 -24.6294 -24.9195 -25.4871 -24.3969 -24.4872 -25.37 -25.2102 -24.7334 -24.6646 -24.8892 -24.7936 -25.2218 -24.5751 -23.9898 -25.0783 
0 0 0 92.3266 14.7505 25.0441 28.6888 31.552 8.40701 36.276 17.6826 16.1914 35.2968 12.4278 23.6564 12.4969 21.8271 22.4495 22.7139 23.2313 22.2376 22.3199 23.1246 22.9789 22.5443 22.4816 22.6863 22.5992 22.9894 22.4 21.8666 22.8587 
0 0 0 0 -92.6303 -8.91803 -24.1658 -30.7567 -12.6286 -28.1301 -7.77289 -4.89329 -25.7028 -19.8546 -8.74149 -29.136 -19.5209 -20.0776 -20.3141 -20.7768 -19.8881 -19.9617 -20.6814 -20.5511 -20.1624 -20.1063 -20.2894 -20.2115 -20.5605 -20.0333 -19.5563 -20.4436 
0 0 0 0 0 83.9895 31.529 11.3326 20.6352 20.5332 3.89931 24.8253 10.2782 13.3938 8.71318 7.96029 11.973 12.3144 12.4594 12.7433 12.1982 12.2433 12.6847 12.6048 12.3664 12.332 12.4443 12.3965 12.6106 12.2872 11.9946 12.5389 
0 0 0 0 0 0 -90.4905 -18.3006 -3.777 -3.75494 -8.20907 -14.413 -2.07422 -15.7446 -23.0521 -15.9016 -11.2474 -11.5682 -11.7044 -11.971 -11.459 -11.5014 -11.916 -11.841 -11.617 -11.5847 -11.6902 -11.6453 -11.8464 -11.5427 -11.2678 -11.779 
0 0 0 0 0 0 0 -82.6963 -6.20539 -4.27212 -9.46538 2.25909 -5.27417 -4.39431 4.3431 -10.0973 -7.41357 -7.62498 -7.71479 -7.89053 -7.553 -7.58098 -7.85427 -7.8048 -7.65717 -7.63587 -7.7054 -7.67584 -7.80838 -7.60816 -7.42699 -7.76396 
0 0 0 0 0 0 0 0 80.582 17.7702 9.12933 13.7894 18.1984 18.6214 6.31029 10.8677 7.55295 7.76833 7.85983 8.03887 7.695 7.7235 8.00193 7.95153 7.80113 7.77943 7.85027 7.82014 7.95518 7.7512 7.56662 7.90993 
0 0 0 0 0 0 0 0 0 -79.7107 3.74129 -2.76516 -20.7911 -6.79982 -2.18871 -15.6962 -7.44474 -7.65703 -7.74722 -7.9237 -7.58476 -7.61284 -7.88729 -7.83761 -7.68936 -7.66797 -7.7378 -7.7081 -7.8412 -7.64015 -7.45821 -7.7966 
0 0 0 0 0 0 0 0 0 0 -86.8308 -27.9676 -13.4712 -13.1773 -14.4963 -5.08695 -8.91432 -9.16852 -9.27652 -9.48783 -9.08198 -9.11562 -9.44424 -9.38475 -9.20724 -9.18163 -9.26523 -9.22968 -9.38905 -9.14831 -8.93046 -9.33565 
0 0 0 0 0 0 0 0 0 0 0 80.1741 -3.96874 -5.31684 10.7713 14.6407 8.09332 8.32411 8.42216 8.61402 8.24554 8.27608 8.57443 8.52042 8.35926 8.33601 8.41192 8.37964 8.52433 8.30576 8.10797 8.47584 
0 0 0 0 0 0 0 0 0 0 0 0 -80.1294 -16.3044 -10.02 -15.7622 -1.36509 -1.40402 -1.42056 -1.45292 -1.39077 -1.39592 -1.44624 -1.43713 -1.40995 -1.40603 -1.41883 -1.41339 -1.43779 -1.40093 -1.36756 -1.42961 
0 0 0 0 0 0 0 0 0 0 0 0 0 -73.5665 -0.555776 -2.2931 -3.16461 -3.25485 -3.29319 -3.36821 -3.22413 -3.23607 -3.35273 -3.33161 -3.26859 -3.2595 -3.28918 -3.27656 -3.33314 -3.24767 -3.17034 -3.31418 
0 0 0 0 0 0 0 0 0 0 0 0 0 0 81.1162 -1.75864 3.85204 3.96189 4.00856 4.09987 3.92449 3.93903 4.08103 4.05532 3.97862 3.96755 4.00368 3.98831 4.05718 3.95315 3.85901 4.0341 
0 0 0 0 0 0 0 0 0 0 0 0 0 0 0 76.6662 4.29164 4.41402 4.46601 4.56774 4.37235 4.38854 4.54675 4.51811 4.43265 4.42032 4.46057 4.44346 4.52019 4.40428 4.2994 4.49447 
0 0 0 0 0 0 0 0 0 0 0 0 0 0 0 0 -82.4018 -6.72671 -10.2765 -10.3803 -2.6937 -5.8172 -2.76056 -0.739562 -9.51038 -5.06028 -2.3857 -5.6505 2.56578 -1.99763 -10.3483 -4.37758 
0 0 0 0 0 0 0 0 0 0 0 0 0 0 0 0 0 84.1877 4.26118 2.24688 5.51414 4.3255 3.40581 5.39408 3.51749 1.0838 4.96904 2.13106 2.68462 2.69178 3.00468 1.04303 
0 0 0 0 0 0 0 0 0 0 0 0 0 0 0 0 0 0 81.5076 -2.27361 4.5289 3.62878 7.37336 6.05466 5.22101 3.25613 7.20754 3.86427 0.409696 5.25214 7.01711 5.16575 
0 0 0 0 0 0 0 0 0 0 0 0 0 0 0 0 0 0 0 -80.6474 -5.38703 -3.81687 -4.67373 -4.42416 -6.33282 -2.07085 -5.24896 -7.08053 -6.67031 -7.48814 -5.11811 -4.73866 
0 0 0 0 0 0 0 0 0 0 0 0 0 0 0 0 0 0 0 0 83.0428 1.8446 4.19256 2.60396 -3.20402 1.15369 5.2068 -0.294107 2.22329 5.46155 2.76689 3.06739 
0 0 0 0 0 0 0 0 0 0 0 0 0 0 0 0 0 0 0 0 0 84.632 2.50965 8.89378 2.43197 5.58982 5.19901 -0.993728 4.21814 1.12203 -3.39893 1.73546 
0 0 0 0 0 0 0 0 0 0 0 0 0 0 0 0 0 0 0 0 0 0 -83.8047 -1.1967 -4.86967 -3.5746 -4.56019 -0.828428 -5.73098 -6.95821 -4.59606 -3.56521 
0 0 0 0 0 0 0 0 0 0 0 0 0 0 0 0 0 0 0 0 0 0 0 80.2157 9.45858 7.76953 -1.06134 6.9056 -0.30469 2.8663 0.657451 5.70409 
0 0 0 0 0 0 0 0 0 0 0 0 0 0 0 0 0 0 0 0 0 0 0 0 -82.6148 -6.31895 -5.03581 -7.25406 1.24255 -4.42936 -2.33886 -3.57261 
0 0 0 0 0 0 0 0 0 0 0 0 0 0 0 0 0 0 0 0 0 0 0 0 0 -83.1183 0.472625 -2.87451 1.19779 -3.74613 -3.91596 -0.936706 
0 0 0 0 0 0 0 0 0 0 0 0 0 0 0 0 0 0 0 0 0 0 0 0 0 0 82.2152 1.34745 1.36028 1.55899 1.10209 4.30042 
0 0 0 0 0 0 0 0 0 0 0 0 0 0 0 0 0 0 0 0 0 0 0 0 0 0 0 81.016 2.49241 2.73012 1.17541 7.69981 
0 0 0 0 0 0 0 0 0 0 0 0 0 0 0 0 0 0 0 0 0 0 0 0 0 0 0 0 -80.7337 -2.05676 -5.66903 1.06159 
0 0 0 0 0 0 0 0 0 0 0 0 0 0 0 0 0 0 0 0 0 0 0 0 0 0 0 0 0 -83.5757 -0.521802 -0.107731 
0 0 0 0 0 0 0 0 0 0 0 0 0 0 0 0 0 0 0 0 0 0 0 0 0 0 0 0 0 0 -82.2874 0.172907 
0 0 0 0 0 0 0 0 0 0 0 0 0 0 0 0 0 0 0 0 0 0 0 0 0 0 0 0 0 0 0 81.2518 
