-60.0658 -43.6748 -48.4874 -41.545 -43.6525 -45.1894 -44.0706 -43.434 -39.0985 -42.3505 -39.003 -44.3946 -41.8286 -45.5933 -46.7141 -43.5061 
0 -37.5019 -15.878 -16.3118 -14.4895 -17.4576 -17.5982 -12.584 -13.1754 -14.2713 -13.1432 -14.9601 -14.0954 -15.364 -15.7417 -14.6607 
0 0 -31.8931 -13.1623 -4.95281 -7.30163 -6.82608 -7.20084 -7.73216 -8.37528 -7.71328 -8.77952 -8.27206 -9.01659 -9.23823 -8.60381 
0 0 0 32.6424 5.21507 8.85442 10.143 11.1553 7.04781 7.634 7.0306 8.00247 7.53992 8.21855 8.42058 7.84231 
0 0 0 0 -32.7498 -3.153 -8.54389 -10.8741 -6.30318 -6.82744 -6.28779 -7.15698 -6.7433 -7.35023 -7.53091 -7.01374 
0 0 0 0 0 29.6948 11.1472 4.00669 3.86599 4.18754 3.85655 4.38966 4.13593 4.50819 4.61901 4.30181 
0 0 0 0 0 0 -31.9932 -6.47023 -3.63172 -3.93378 -3.62285 -4.12365 -3.8853 -4.235 -4.33911 -4.04112 
0 0 0 0 0 0 0 -29.2376 -2.39379 -2.59289 -2.38795 -2.71804 -2.56094 -2.79144 -2.86005 -2.66364 
0 0 0 0 0 0 0 0 28.4673 2.5698 -1.3825 2.27696 2.87221 1.78846 0.809381 3.36979 
0 0 0 0 0 0 0 0 0 31.1743 -2.11648 5.54971 1.01558 2.16091 1.8309 1.9194 
0 0 0 0 0 0 0 0 0 0 27.6191 1.092 4.73863 3.31701 4.59507 3.12473 
0 0 0 0 0 0 0 0 0 0 0 -28.0884 -3.12365 -0.387358 -0.943022 -1.55074 
0 0 0 0 0 0 0 0 0 0 0 0 -30.2074 1.96337 -4.90931 0.359041 
0 0 0 0 0 0 0 0 0 0 0 0 0 29.1554 3.30669 2.26539 
0 0 0 0 0 0 0 0 0 0 0 0 0 0 28.9814 2.30088 
0 0 0 0 0 0 0 0 0 0 0 0 0 0 0 -29.5716 
