12807 
595.768 
588.881 
581.864 
581.67 
577.989 
576.707 
574.135 
572.943 
570.494 
569.719 
567.055 
566.117 
565.047 
564.925 
561.866 
561.065 
560.057 
558.488 
557.575 
555.494 
553.759 
551.711 
551.297 
550.141 
549.756 
547.591 
546.138 
545.552 
544.737 
544.444 
543.302 
542.75 
539.98 
538.337 
537.037 
536.62 
536.123 
534.194 
533.437 
533.158 
530.921 
530.382 
528.63 
526.99 
526.743 
525.312 
524.881 
523.873 
522.912 
522.202 
521.136 
520.783 
520.177 
519.905 
518.581 
516.653 
515.623 
514.826 
513.964 
513.94 
513.038 
512.179 
511.42 
510.504 
507.526 
506.957 
505.412 
505.204 
505.114 
504.464 
504.187 
503.595 
501.273 
500.68 
500.247 
499.836 
498.611 
498.224 
497.212 
495.806 
494.861 
494.315 
493.993 
493.547 
493.155 
492.066 
490.747 
489.188 
488.423 
487.623 
487.097 
486.215 
485.592 
485.092 
483.934 
482.074 
481.291 
480.511 
479.411 
477.752 
477.458 
477.155 
476.755 
475.767 
473.693 
473.205 
472.73 
471.437 
471.132 
470.761 
469.183 
468.756 
467.637 
467.181 
466.913 
465.94 
465.308 
463.268 
462.986 
462.294 
461.651 
460.425 
459.633 
459.163 
458.671 
458.152 
457.165 
456.221 
455.459 
454.799 
454.586 
453.716 
452.918 
452.662 
451.515 
450.453 
448.66 
447.802 
447.177 
446.785 
446.608 
445.756 
443.889 
443.826 
443.63 
442.685 
442.125 
441.839 
440.415 
439.449 
438.673 
437.141 
436.864 
436.645 
435.674 
433.165 
432.616 
432.332 
431.026 
430.196 
428.766 
428.42 
428.005 
426.958 
426.809 
424.596 
423.005 
422.73 
421.334 
420.995 
420.392 
419.199 
419.023 
418.219 
416.815 
416.334 
416.035 
415.113 
414.174 
413.94 
413.296 
411.968 
410.885 
410.516 
409.553 
408.994 
408.081 
407.053 
406.555 
405.073 
404.464 
404.157 
403.672 
402.52 
401.364 
400.259 
399.012 
398.755 
396.776 
396.485 
395.905 
395.425 
394.887 
393.886 
393.35 
392.472 
391.608 
390.09 
389.16 
388.2 
387.175 
386.736 
385.751 
384.79 
384.183 
383.308 
382.008 
380.846 
379.669 
378.11 
377.183 
376.161 
374.897 
374.817 
374.023 
373.281 
372.828 
369.975 
368.22 
367.551 
366.21 
366.044 
365.068 
363.544 
363.397 
362.091 
361.055 
360.4 
357.2 
356.613 
355.754 
354.126 
353.713 
353.314 
350.67 
349.801 
348.996 
348.344 
345.954 
344.061 
343.391 
342.728 
341.221 
340.281 
338.959 
