6412.37 
522.292 
519.9 
517.209 
512.905 
505.978 
505.518 
504.123 
503.186 
501.232 
497.071 
496.621 
492.987 
492.011 
488.305 
487.374 
485.853 
484.048 
483.931 
481.518 
478.674 
477.665 
475.685 
474.447 
472.793 
471.51 
469.311 
467.845 
466.913 
465.836 
463.093 
461.821 
460.28 
459.314 
456.217 
455.029 
453.037 
451.554 
450.681 
450.123 
447.976 
446.886 
444.218 
443.472 
441.3 
439.683 
438.464 
438.28 
434.677 
432.722 
430.608 
428.758 
427.506 
426.775 
425.574 
422.759 
419.113 
416.318 
414.073 
411.255 
410.313 
409.182 
407.641 
401.246 
