9065.12 
554.923 
550.53 
544.263 
541.347 
540.813 
537.786 
536.602 
533.171 
531.497 
528.786 
527.901 
526.895 
525.696 
522.255 
521.467 
519.752 
515.87 
515.552 
512.233 
511.707 
510.229 
509.694 
507.591 
507.472 
506.805 
505.419 
502.113 
501.461 
500.43 
498.886 
498.482 
498.246 
496.836 
495.513 
493.672 
490.817 
490.073 
489.106 
487.736 
486.229 
485.24 
484.204 
483.206 
483.082 
482.32 
480.667 
479.512 
478.69 
478.006 
475.635 
473.554 
471.907 
471.264 
470.563 
469.114 
467.97 
467.536 
466.088 
463.446 
463.335 
462.129 
460.705 
460.007 
458.908 
457.673 
456.811 
455.992 
455.745 
454.402 
453.413 
451.238 
451.027 
450.511 
449.193 
446.606 
445.873 
445.328 
443.952 
443.176 
440.505 
439.506 
438.502 
437.301 
435.213 
434.016 
432.242 
431.999 
430.732 
429.957 
428.207 
425.129 
424.893 
422.308 
421.17 
420.609 
420.003 
419.426 
418.001 
415.516 
414.336 
414.004 
413.713 
412.979 
412.257 
410.828 
409.831 
408.663 
406.509 
405.621 
404.956 
403.253 
402.277 
400.086 
399.522 
397.788 
395.89 
392.527 
390.956 
389.673 
388.101 
386.322 
385.575 
384.896 
383.006 
382.643 
379.142 
376.737 
