-83.1973 -64.1683 -63.1073 -60.2908 -62.7007 -64.7608 -62.4296 -60.3865 -62.545 -64.964 -59.9366 -66.0447 -61.9219 -62.7041 -62.1216 -60.4912 -54.6918 -59.2407 -54.5582 -62.1 -58.5106 -63.7769 -65.3446 -60.8572 -65.3417 -65.3696 -60.8231 -63.397 -67.3019 -55.5225 -63.9339 -51.0519 
0 -52.2836 -19.1729 -23.5999 -25.5013 -17.1819 -20.3082 -22.8043 -20.7884 -23.3912 -24.4053 -20.857 -18.3116 -20.4132 -25.3319 -19.5253 -19.3789 -20.9908 -19.3316 -22.0039 -20.7321 -22.5981 -23.1536 -21.5635 -23.1525 -23.1624 -21.5515 -22.4634 -23.8471 -19.6733 -22.6537 -18.0892 
0 0 47.5386 16.3043 14.2723 11.6565 16.256 9.13877 9.10426 12.4354 15.3325 18.8084 17.9929 10.1277 20.728 10.5895 12.7584 13.8195 12.7272 14.4866 13.6492 14.8777 15.2434 14.1966 15.2428 15.2493 14.1887 14.7891 15.7 12.9522 14.9143 11.9093 
0 0 0 -49.159 -9.01435 -4.71505 -9.03747 -14.3814 -14.3986 -13.0671 -12.094 -12.217 -5.64824 -9.47739 -17.9266 -14.2136 -10.2812 -11.1363 -10.2561 -11.6738 -10.9991 -11.9891 -12.2838 -11.4402 -12.2832 -12.2885 -11.4338 -11.9176 -12.6517 -10.4374 -12.0186 -9.59697 
0 0 0 0 43.3541 5.70867 10.4384 8.37941 8.02186 6.65015 11.8352 4.56832 4.67259 12.993 8.53474 9.77258 6.81316 7.37983 6.79652 7.73603 7.28888 7.94492 8.14022 7.58121 8.13986 8.14333 7.57696 7.89759 8.38405 6.91664 7.96448 6.35973 
0 0 0 0 0 -44.8803 -6.43699 -9.73266 -4.33472 -3.7175 -9.26066 -6.89439 -9.94843 -9.99354 -8.07253 -5.00113 -6.10813 -6.61617 -6.09322 -6.93551 -6.53464 -7.12279 -7.29788 -6.79671 -7.29755 -7.30067 -6.7929 -7.08036 -7.51647 -6.20091 -7.14032 -5.70163 
0 0 0 0 0 0 -43.1698 -7.08905 -4.78398 -2.6409 -4.76449 -4.78881 -4.0396 -6.63661 -0.892102 -2.81129 -4.48648 -4.85964 -4.47552 -5.09419 -4.79975 -5.23175 -5.36036 -4.99224 -5.36011 -5.3624 -4.98945 -5.20058 -5.52091 -4.55462 -5.24463 -4.18789 
0 0 0 0 0 0 0 41.8913 4.32691 1.57062 9.79806 0.383708 6.04847 11.0518 7.68477 0.874328 3.30777 3.5829 3.2997 3.75583 3.53874 3.85724 3.95206 3.68066 3.95188 3.95357 3.6786 3.83427 4.07044 3.35802 3.86674 3.08764 
0 0 0 0 0 0 0 0 44.2771 1.16795 4.07203 8.30173 6.64108 6.49365 3.8429 6.3947 4.85213 5.2557 4.84028 5.50938 5.19093 5.65814 5.79723 5.39912 5.79697 5.79945 5.39609 5.62444 5.97088 4.92583 5.67207 4.52921 
0 0 0 0 0 0 0 0 0 -42.5932 -9.65128 -6.15946 -0.879263 -4.19836 -0.632798 -4.2766 -3.28738 -3.5608 -3.27935 -3.73267 -3.51692 -3.83346 -3.92769 -3.65797 -3.92752 -3.9292 -3.65592 -3.81062 -4.04534 -3.33731 -3.8429 -3.0686 
0 0 0 0 0 0 0 0 0 0 38.3058 1.21386 3.0368 -3.90067 2.51808 -0.598472 1.77809 1.92598 1.77375 2.01894 1.90225 2.07346 2.12443 1.97854 2.12433 2.12524 1.97743 2.06111 2.18806 1.8051 2.07856 1.65976 
0 0 0 0 0 0 0 0 0 0 0 43.162 4.46405 6.01143 -0.987288 9.50009 4.61308 4.99677 4.60182 5.23794 4.93519 5.37938 5.51162 5.13312 5.51137 5.51372 5.13024 5.34734 5.6767 4.68315 5.39262 4.30607 
0 0 0 0 0 0 0 0 0 0 0 0 41.5336 4.87441 2.36008 1.26407 3.31432 3.58998 3.30622 3.76326 3.54574 3.86488 3.95988 3.68794 3.9597 3.96139 3.68588 3.84185 4.07849 3.36466 3.87439 3.09374 
0 0 0 0 0 0 0 0 0 0 0 0 0 41.0694 -1.2899 0.826125 1.28651 1.39351 1.28337 1.46077 1.37634 1.50022 1.53709 1.43154 1.53703 1.53768 1.43074 1.49128 1.58314 1.30605 1.50391 1.20089 
0 0 0 0 0 0 0 0 0 0 0 0 0 0 -41.4527 -2.24185 -3.32203 -3.59833 -3.31392 -3.77201 -3.55399 -3.87387 -3.96909 -3.69652 -3.96891 -3.97061 -3.69445 -3.85079 -4.08798 -3.37249 -3.8834 -3.10094 
0 0 0 0 0 0 0 0 0 0 0 0 0 0 0 -40.7883 -2.06953 -2.24166 -2.06448 -2.34986 -2.21404 -2.41331 -2.47264 -2.30283 -2.47252 -2.47358 -2.30154 -2.39894 -2.5467 -2.10097 -2.41925 -1.9318 
0 0 0 0 0 0 0 0 0 0 0 0 0 0 0 0 -39.4296 -1.89522 3.66824 -1.38476 -2.35426 -0.627988 0.833805 -3.00084 -1.65964 -4.91085 -1.21904 7.59938 -3.50047 -4.63742 0.670327 -1.50597 
0 0 0 0 0 0 0 0 0 0 0 0 0 0 0 0 0 43.31 -4.69917 6.32224 -0.0683679 1.36822 0.793542 1.19261 -0.768273 -0.929791 -2.22896 -2.11531 5.99129 1.2163 -3.01146 -1.50676 
0 0 0 0 0 0 0 0 0 0 0 0 0 0 0 0 0 0 -37.9093 0.251475 -4.94074 -2.66401 -4.37204 -2.59615 -3.73046 -4.06832 0.107877 0.0892166 -9.60264 3.8997 2.76756 -1.48254 
0 0 0 0 0 0 0 0 0 0 0 0 0 0 0 0 0 0 0 -39.0527 -3.28569 0.90182 0.138207 -0.923127 -3.43614 -3.27291 -5.67685 -1.06456 4.66715 5.42552 -5.38711 9.66285 
0 0 0 0 0 0 0 0 0 0 0 0 0 0 0 0 0 0 0 0 42.3269 -3.87759 5.92535 -1.43283 0.200663 7.59721 1.59809 2.26066 -0.870686 2.81508 2.40306 -0.896562 
0 0 0 0 0 0 0 0 0 0 0 0 0 0 0 0 0 0 0 0 0 -40.3825 -3.32144 -1.85425 0.384134 -3.4778 -2.6757 -0.532165 5.26781 -5.23187 -3.98561 0.493927 
0 0 0 0 0 0 0 0 0 0 0 0 0 0 0 0 0 0 0 0 0 0 -40.5092 -2.31433 3.98336 -9.22988 -1.97304 3.10642 2.87369 3.39437 -13.6183 -5.08466 
0 0 0 0 0 0 0 0 0 0 0 0 0 0 0 0 0 0 0 0 0 0 0 41.398 4.44742 -5.39649 -1.67846 2.35099 1.74755 4.43615 3.26641 7.31941 
0 0 0 0 0 0 0 0 0 0 0 0 0 0 0 0 0 0 0 0 0 0 0 0 41.3202 0.733799 2.64503 5.97992 7.32954 6.47117 1.40966 6.74911 
0 0 0 0 0 0 0 0 0 0 0 0 0 0 0 0 0 0 0 0 0 0 0 0 0 -39.435 1.41585 1.14513 -5.23947 3.31764 -1.8964 -2.73413 
0 0 0 0 0 0 0 0 0 0 0 0 0 0 0 0 0 0 0 0 0 0 0 0 0 0 40.6681 7.53239 -1.01465 6.63493 -4.59337 -2.80515 
0 0 0 0 0 0 0 0 0 0 0 0 0 0 0 0 0 0 0 0 0 0 0 0 0 0 0 39.1693 2.83256 -2.98084 -2.08435 6.17267 
0 0 0 0 0 0 0 0 0 0 0 0 0 0 0 0 0 0 0 0 0 0 0 0 0 0 0 0 41.5868 -2.99719 1.15392 -1.24273 
0 0 0 0 0 0 0 0 0 0 0 0 0 0 0 0 0 0 0 0 0 0 0 0 0 0 0 0 0 36.9864 -5.09465 -1.41036 
0 0 0 0 0 0 0 0 0 0 0 0 0 0 0 0 0 0 0 0 0 0 0 0 0 0 0 0 0 0 37.9254 1.85443 
0 0 0 0 0 0 0 0 0 0 0 0 0 0 0 0 0 0 0 0 0 0 0 0 0 0 0 0 0 0 0 -35.7123 
