-117.659 -90.7476 -89.2472 -85.2641 -88.6722 -91.5855 -88.2888 -85.3994 -88.452 -91.873 -84.7632 -93.4013 -87.5709 -88.677 -87.8533 -85.5475 -80.5624 -82.4898 -86.4703 -89.2382 -92.4268 -87.8369 -86.85 -81.3072 -92.6876 -85.0256 -90.1048 -84.707 -90.7869 -87.287 -92.382 -90.0994 
0 -73.9402 -27.1145 -33.3753 -36.0642 -24.2988 -28.7201 -32.2501 -29.3993 -33.0802 -34.5144 -29.4962 -25.8965 -28.8686 -35.8247 -27.613 -28.5457 -29.2286 -30.639 -31.6198 -32.7496 -31.1232 -30.7735 -28.8096 -32.842 -30.1271 -31.9268 -30.0142 -32.1685 -30.9284 -32.7337 -31.9249 
0 0 67.2297 23.0578 20.184 16.4847 22.9894 12.9242 12.8754 17.5864 21.6835 26.5991 25.4458 14.3228 29.3139 14.9758 18.7934 19.243 20.1716 20.8173 21.5611 20.4904 20.2602 18.9672 21.622 19.8346 21.0194 19.7602 21.1786 20.3621 21.5507 21.0182 
0 0 0 -69.5213 -12.7482 -6.66809 -12.7809 -20.3384 -20.3627 -18.4797 -17.1035 -17.2774 -7.98782 -13.4031 -25.3521 -20.1011 -15.1445 -15.5068 -16.2551 -16.7754 -17.3748 -16.512 -16.3264 -15.2845 -17.4238 -15.9835 -16.9383 -15.9236 -17.0665 -16.4086 -17.3664 -16.9373 
0 0 0 0 61.3119 8.07327 14.7621 11.8503 11.3446 9.40473 16.7375 6.46058 6.60803 18.3749 12.0699 13.8205 10.036 10.2761 10.7719 11.1167 11.514 10.9422 10.8192 10.1287 11.5464 10.592 11.2247 10.5523 11.3097 10.8737 11.5084 11.224 
0 0 0 0 0 -63.4703 -9.10328 -13.7641 -6.13022 -5.25734 -13.0965 -9.75015 -14.0692 -14.133 -11.4163 -7.07266 -8.99744 -9.2127 -9.65726 -9.96638 -10.3225 -9.80987 -9.69965 -9.08063 -10.3516 -9.4959 -10.0632 -9.46032 -10.1393 -9.74847 -10.3175 -10.0626 
0 0 0 0 0 0 -61.0514 -10.0254 -6.76556 -3.73479 -6.73801 -6.77241 -5.71285 -9.38559 -1.26162 -3.97577 -6.6087 -6.76681 -7.09334 -7.32039 -7.58196 -7.20544 -7.12448 -6.6698 -7.60336 -6.97482 -7.39148 -6.94869 -7.44744 -7.16033 -7.57828 -7.39104 
0 0 0 0 0 0 0 59.2433 6.11918 2.2212 13.8566 0.542645 8.55383 15.6296 10.8679 1.23649 4.87244 4.98901 5.22975 5.39715 5.59 5.3124 5.25271 4.91749 5.60578 5.14237 5.44956 5.1231 5.49082 5.27914 5.58729 5.44924 
0 0 0 0 0 0 0 0 62.6172 1.65174 5.75872 11.7404 9.3919 9.1834 5.43468 9.04347 7.14732 7.31832 7.67146 7.91701 8.19991 7.79269 7.70514 7.2134 8.22304 7.54328 7.9939 7.51501 8.05441 7.74391 8.19593 7.99342 
0 0 0 0 0 0 0 0 0 -60.2358 -13.649 -8.7108 -1.24347 -5.93737 -0.894912 -6.04802 -4.8424 -4.95825 -5.1975 -5.36387 -5.55554 -5.27964 -5.22032 -4.88716 -5.57121 -5.11067 -5.41596 -5.09151 -5.45696 -5.24659 -5.55284 -5.41564 
0 0 0 0 0 0 0 0 0 0 54.1725 1.71666 4.29468 -5.51638 3.56111 -0.846367 2.61918 2.68184 2.81125 2.90124 3.0049 2.85568 2.82359 2.64339 3.01338 2.76428 2.92941 2.75392 2.95159 2.8378 3.00344 2.92924 
0 0 0 0 0 0 0 0 0 0 0 61.0403 6.31311 8.50145 -1.39624 13.4352 6.79519 6.95776 7.2935 7.52696 7.79592 7.40877 7.32552 6.85801 7.81791 7.17164 7.60006 7.14477 7.65759 7.36239 7.79213 7.5996 
0 0 0 0 0 0 0 0 0 0 0 0 58.7374 6.89346 3.33766 1.78767 4.88208 4.99888 5.2401 5.40783 5.60106 5.32291 5.2631 4.92721 5.61687 5.15255 5.46035 5.13324 5.50168 5.28959 5.59834 5.46002 
0 0 0 0 0 0 0 0 0 0 0 0 0 58.0809 -1.82419 1.16832 1.89506 1.9404 2.03403 2.09914 2.17415 2.06618 2.04296 1.91258 2.18028 2.00005 2.11953 1.99255 2.13557 2.05324 2.17309 2.1194 
0 0 0 0 0 0 0 0 0 0 0 0 0 0 -58.6229 -3.17046 -4.89343 -5.01051 -5.25229 -5.42041 -5.61409 -5.33529 -5.27535 -4.93868 -5.62993 -5.16453 -5.47305 -5.14518 -5.51448 -5.30189 -5.61137 -5.47272 
0 0 0 0 0 0 0 0 0 0 0 0 0 0 0 -57.6834 -3.04848 -3.12141 -3.27203 -3.37677 -3.49742 -3.32374 -3.2864 -3.07666 -3.50729 -3.21736 -3.40956 -3.2053 -3.43537 -3.30293 -3.49573 -3.40935 
0 0 0 0 0 0 0 0 0 0 0 0 0 0 0 0 -58.7138 -2.61959 -2.87223 -0.193663 -0.588588 0.859105 -2.81234 2.15309 -12.6901 -3.22118 -0.300857 -4.39722 -8.07015 0.103212 -3.16471 -0.517716 
0 0 0 0 0 0 0 0 0 0 0 0 0 0 0 0 0 55.4015 3.0787 3.42862 4.78776 0.619341 1.11735 -9.56919 5.70825 4.76509 -1.80269 0.719417 1.48992 8.65764 -5.87318 8.88449 
0 0 0 0 0 0 0 0 0 0 0 0 0 0 0 0 0 0 59.0622 5.64995 2.48077 1.72526 2.56045 1.55062 -4.06887 5.67726 -2.08939 0.158954 3.21128 7.25197 3.56923 -3.62409 
0 0 0 0 0 0 0 0 0 0 0 0 0 0 0 0 0 0 0 58.4762 -6.11366 2.36742 1.74686 16.0545 6.80997 2.62007 5.66846 13.6964 6.07697 3.18009 -0.317398 8.64517 
0 0 0 0 0 0 0 0 0 0 0 0 0 0 0 0 0 0 0 0 59.1396 0.482695 3.18367 4.44544 8.38644 -5.03052 1.41658 0.131161 -2.42004 3.7297 11.2961 2.32961 
0 0 0 0 0 0 0 0 0 0 0 0 0 0 0 0 0 0 0 0 0 -58.5176 2.6525 -1.11447 -1.94071 -1.22338 -7.77334 -3.99322 -4.19442 -5.18814 -4.93784 -9.7522 
0 0 0 0 0 0 0 0 0 0 0 0 0 0 0 0 0 0 0 0 0 0 60.7585 0.334049 3.19633 6.07926 4.0181 -3.48175 3.50845 0.563556 -0.376649 3.10734 
0 0 0 0 0 0 0 0 0 0 0 0 0 0 0 0 0 0 0 0 0 0 0 55.2405 4.70883 -0.159074 3.15935 -4.18992 -1.58015 0.55624 3.77527 4.24614 
0 0 0 0 0 0 0 0 0 0 0 0 0 0 0 0 0 0 0 0 0 0 0 0 56.8324 7.09678 -1.01068 1.95873 -0.695815 4.47583 0.506121 7.64984 
0 0 0 0 0 0 0 0 0 0 0 0 0 0 0 0 0 0 0 0 0 0 0 0 0 57.5339 -0.367862 0.089075 3.29601 -4.99313 -2.39714 -0.466258 
0 0 0 0 0 0 0 0 0 0 0 0 0 0 0 0 0 0 0 0 0 0 0 0 0 0 54.5207 4.23981 -1.0881 -3.70301 0.637627 9.28419 
0 0 0 0 0 0 0 0 0 0 0 0 0 0 0 0 0 0 0 0 0 0 0 0 0 0 0 -54.5704 -1.84212 -9.0157 -4.88295 7.36195 
0 0 0 0 0 0 0 0 0 0 0 0 0 0 0 0 0 0 0 0 0 0 0 0 0 0 0 0 -55.945 -8.84155 -4.60766 -4.46028 
0 0 0 0 0 0 0 0 0 0 0 0 0 0 0 0 0 0 0 0 0 0 0 0 0 0 0 0 0 -54.7839 -5.61922 2.24831 
0 0 0 0 0 0 0 0 0 0 0 0 0 0 0 0 0 0 0 0 0 0 0 0 0 0 0 0 0 0 54.6129 -0.723092 
0 0 0 0 0 0 0 0 0 0 0 0 0 0 0 0 0 0 0 0 0 0 0 0 0 0 0 0 0 0 0 -51.8418 
