-235.317 -181.495 -178.494 -170.528 -177.344 -183.171 -176.578 -170.799 -176.904 -183.746 -169.526 -186.803 -175.142 -177.354 -175.707 -171.095 -177.036 -182.661 -179.034 -175.726 -177.649 -171.369 -184.143 -165.866 -175.509 -203.124 -189.843 -178.447 -187.195 -186.17 -180.058 -164.022 -169.38 -174.21 -176.262 -180.278 -172.566 -173.205 -179.449 -178.319 -174.946 -174.459 -176.048 -175.372 -178.401 -173.826 -169.687 -177.386 -180.537 -176.587 -173.92 -175.671 -174.956 -175.267 -169.673 -176.842 -174.27 -175.1 -170.114 -176.896 -174.018 -179.713 -171.714 -176.75 
0 -147.88 -54.229 -66.7506 -72.1285 -48.5977 -57.4402 -64.5003 -58.7985 -66.1603 -69.0288 -58.9925 -51.793 -57.7373 -71.6493 -55.226 -54.0456 -52.221 -74.1493 -75.4827 -57.3695 -52.9151 -56.9124 -54.3156 -58.7858 -69.0921 -65.3135 -58.4951 -64.948 -56.0233 -64.7454 -57.0201 -60.0165 -61.728 -62.4551 -63.8778 -61.1453 -61.3718 -63.5842 -63.1837 -61.9886 -61.8162 -62.3791 -62.1397 -63.2127 -61.5919 -60.1252 -62.8531 -63.9695 -62.5702 -61.625 -62.2456 -61.9921 -62.1023 -60.1201 -62.6606 -61.7489 -62.0433 -60.2763 -62.6796 -61.6599 -63.6779 -60.8435 -62.628 
0 0 134.459 46.1157 40.368 32.9695 45.9789 25.8483 25.7507 35.1728 43.367 53.1982 50.8916 28.6455 58.6278 29.9515 40.6113 28.925 39.7238 43.7429 37.5874 49.0199 51.078 47.6673 36.8453 39.6756 33.2161 37.9532 28.0788 50.4597 45.9027 43.0744 39.5127 40.6394 41.1181 42.0548 40.2558 40.4049 41.8615 41.5978 40.811 40.6975 41.0681 40.9105 41.6169 40.5498 39.5842 41.3802 42.1152 41.1939 40.5716 40.9802 40.8133 40.8858 39.5808 41.2534 40.6532 40.847 39.6837 41.2659 40.5946 41.9231 40.0571 41.2319 
0 0 0 -139.043 -25.4964 -13.3362 -25.5618 -40.6768 -40.7254 -36.9594 -34.2069 -34.5549 -15.9756 -26.8061 -50.7041 -40.2021 -34.6569 -34.3509 -24.461 -28.3781 -30.8267 -26.5056 -17.4634 -33.9666 -35.1712 -38.6693 -26.2925 -42.2115 -27.9004 -32.898 -28.4654 -39.7245 -31.8409 -32.7489 -33.1346 -33.8894 -32.4397 -32.5599 -33.7337 -33.5212 -32.8871 -32.7957 -33.0943 -32.9673 -33.5366 -32.6767 -31.8985 -33.3458 -33.9381 -33.1957 -32.6942 -33.0235 -32.889 -32.9474 -31.8958 -33.2436 -32.76 -32.9162 -31.9787 -33.2537 -32.7127 -33.7834 -32.2796 -33.2263 
0 0 0 0 -122.624 -16.1465 -29.5241 -23.7006 -22.6893 -18.8095 -33.475 -12.9212 -13.2161 -36.7499 -24.1399 -27.641 -6.32601 -25.0678 -23.8999 -28.7033 -22.3247 -12.7078 -10.3687 -31.2559 -27.6426 -18.6325 -28.6983 -1.28871 -17.41 -22.4566 -6.62984 -21.2479 -21.1003 -21.702 -21.9577 -22.4579 -21.4972 -21.5768 -22.3547 -22.2138 -21.7937 -21.7331 -21.931 -21.8468 -22.224 -21.6542 -21.1385 -22.0976 -22.4901 -21.9981 -21.6658 -21.884 -21.7949 -21.8336 -21.1367 -22.0299 -21.7094 -21.8129 -21.1917 -22.0366 -21.6781 -22.3876 -21.3911 -22.0185 
0 0 0 0 0 126.941 18.2066 27.5281 12.2604 10.5147 26.1931 19.5003 28.1384 28.266 22.8326 14.1453 16.0255 28.5928 14.9074 31.6051 10.9244 29.1472 15.4071 18.0598 20.3755 17.2482 14.9147 14.3101 19.1774 17.0307 24.2928 23.0231 18.9169 19.4563 19.6855 20.1339 19.2727 19.3441 20.0414 19.9152 19.5385 19.4841 19.6616 19.5861 19.9243 19.4134 18.9511 19.811 20.1629 19.7218 19.4239 19.6195 19.5396 19.5743 18.9495 19.7503 19.4629 19.5557 18.9988 19.7563 19.4349 20.0709 19.1775 19.74 
0 0 0 0 0 0 -122.103 -20.0508 -13.5311 -7.46958 -13.476 -13.5448 -11.4257 -18.7712 -2.52325 -7.95153 -5.34492 -21.998 -16.552 -24.771 -17.4677 -17.706 -2.97863 -1.92846 -22.9806 -10.3422 -23.6648 -15.2233 -14.3608 -7.85071 -27.356 -1.95166 -13.8946 -14.2908 -14.4592 -14.7885 -14.156 -14.2084 -14.7206 -14.6279 -14.3512 -14.3113 -14.4416 -14.3862 -14.6346 -14.2593 -13.9198 -14.5513 -14.8098 -14.4858 -14.267 -14.4107 -14.352 -14.3775 -13.9186 -14.5068 -14.2957 -14.3638 -13.9548 -14.5112 -14.2751 -14.7423 -14.0861 -14.4992 
0 0 0 0 0 0 0 118.487 12.2384 4.4424 27.7131 1.08529 17.1077 31.2592 21.7358 2.47297 23.5354 13.0513 -2.23158 3.11096 23.3318 3.77853 -1.47034 5.65506 27.92 13.0102 2.50013 17.2107 17.2891 -0.863925 21.1404 -4.78313 10.2442 10.5363 10.6604 10.9032 10.4368 10.4755 10.8531 10.7848 10.5808 10.5514 10.6474 10.6066 10.7897 10.5131 10.2627 10.7284 10.9189 10.68 10.5187 10.6246 10.5814 10.6002 10.2618 10.6955 10.5399 10.5901 10.2885 10.6987 10.5247 10.8691 10.3853 10.6899 
0 0 0 0 0 0 0 0 -125.234 -3.30347 -11.5174 -23.4808 -18.7838 -18.3668 -10.8694 -18.0869 -26.4951 -27.8854 -19.0746 -27.3039 -15.0813 -10.6529 -17.3277 -21.197 -28.4596 -32.6192 -15.9161 -14.2099 -10.8626 -18.5716 -5.66634 -18.9299 -15.0271 -15.4556 -15.6376 -15.9938 -15.3097 -15.3664 -15.9203 -15.8201 -15.5208 -15.4777 -15.6186 -15.5587 -15.8273 -15.4215 -15.0543 -15.7373 -16.0168 -15.6664 -15.4298 -15.5852 -15.5217 -15.5493 -15.053 -15.6891 -15.4608 -15.5345 -15.0921 -15.6938 -15.4385 -15.9438 -15.2341 -15.6809 
0 0 0 0 0 0 0 0 0 -120.472 -27.2979 -17.4216 -2.48693 -11.8747 -1.78982 -12.096 -16.5083 -6.10681 -3.95646 -10.8582 -12.4897 -19.9403 -27.4479 -9.43031 -9.6424 -21.1871 -11.4784 -9.22978 -6.24662 -4.43234 -21.1971 -7.93261 -10.181 -10.4713 -10.5947 -10.836 -10.3725 -10.4109 -10.7862 -10.7183 -10.5155 -10.4863 -10.5818 -10.5412 -10.7232 -10.4482 -10.1994 -10.6622 -10.8516 -10.6142 -10.4539 -10.5591 -10.5161 -10.5348 -10.1986 -10.6295 -10.4749 -10.5248 -10.2251 -10.6328 -10.4598 -10.8021 -10.3213 -10.624 
0 0 0 0 0 0 0 0 0 0 108.345 3.43332 8.58937 -11.0328 7.12221 -1.69273 -0.177039 17.583 9.3743 13.9824 6.74722 20.9705 5.88661 -0.93815 16.6199 6.15958 -3.1157 5.3516 3.36987 3.46101 14.1957 -0.319962 5.50675 5.66378 5.7305 5.86103 5.61032 5.6311 5.8341 5.79735 5.6877 5.67188 5.72352 5.70156 5.80001 5.65129 5.51672 5.76702 5.86945 5.74105 5.65434 5.71127 5.68801 5.69812 5.51625 5.74935 5.6657 5.69272 5.53059 5.7511 5.65753 5.84269 5.58263 5.74636 
0 0 0 0 0 0 0 0 0 0 0 -122.081 -12.6262 -17.0029 2.79247 -26.8703 -23.9656 -21.5843 -7.42138 -17.0851 -29.0753 -9.50287 -11.1602 -19.3736 -23.181 -19.9068 -11.7755 -19.1653 -29.7085 -19.1604 -23.4676 -27.2066 -14.2867 -14.6941 -14.8672 -15.2059 -14.5554 -14.6093 -15.136 -15.0406 -14.7562 -14.7151 -14.8491 -14.7921 -15.0475 -14.6617 -14.3126 -14.9619 -15.2277 -14.8946 -14.6696 -14.8173 -14.757 -14.7832 -14.3113 -14.9161 -14.6991 -14.7692 -14.3485 -14.9206 -14.6779 -15.1583 -14.4836 -14.9083 
0 0 0 0 0 0 0 0 0 0 0 0 117.475 13.7869 6.67532 3.57534 10.4583 19.0402 9.12479 11.0354 14.2169 18.7814 20.8604 13.869 6.18003 8.68418 -0.870922 -11.1704 18.5685 23.2952 20.7514 11.5068 10.2644 10.5571 10.6815 10.9248 10.4575 10.4962 10.8746 10.8061 10.6017 10.5722 10.6685 10.6276 10.8111 10.5339 10.283 10.7496 10.9405 10.7012 10.5395 10.6457 10.6023 10.6212 10.2821 10.7166 10.5607 10.6111 10.3089 10.7199 10.5455 10.8906 10.4059 10.7111 
0 0 0 0 0 0 0 0 0 0 0 0 0 116.162 -3.64839 2.33663 8.84568 13.4381 14.319 10.8608 8.16925 6.25216 11.9407 -4.50545 -5.52721 15.0288 -0.0363699 8.84991 3.23209 4.69026 10.0666 24.6698 3.98432 4.09793 4.1462 4.24065 4.05925 4.07429 4.22117 4.19458 4.11524 4.10379 4.14116 4.12527 4.1965 4.0889 3.99153 4.17263 4.24674 4.15384 4.0911 4.13229 4.11546 4.12278 3.99119 4.15985 4.09932 4.11887 4.00156 4.16111 4.09341 4.22738 4.03922 4.15768 
0 0 0 0 0 0 0 0 0 0 0 0 0 0 117.246 6.34091 10.1356 1.88952 12.4809 15.3374 7.31024 11.0151 0.332416 4.45994 8.21218 15.8759 -2.94172 17.3654 15.2635 -1.73265 2.89357 7.57195 10.2883 10.5817 10.7063 10.9502 10.4818 10.5206 10.8999 10.8313 10.6264 10.5968 10.6933 10.6523 10.8362 10.5584 10.3069 10.7746 10.966 10.7261 10.5641 10.6704 10.627 10.6459 10.3061 10.7416 10.5853 10.6358 10.3328 10.7448 10.57 10.916 10.4301 10.736 
0 0 0 0 0 0 0 0 0 0 0 0 0 0 0 -115.367 -12.7547 -7.76452 1.48819 -11.3079 -0.572724 0.303431 -5.14211 -5.13195 -6.89393 -9.94114 -3.3649 -7.87037 7.4457 0.693248 -11.882 -9.28643 -6.40934 -6.59211 -6.66976 -6.82169 -6.52989 -6.55407 -6.79035 -6.74757 -6.61994 -6.60153 -6.66164 -6.63608 -6.75067 -6.57758 -6.42094 -6.71227 -6.83149 -6.68205 -6.58112 -6.64738 -6.62031 -6.63208 -6.4204 -6.69171 -6.59435 -6.62579 -6.43708 -6.69374 -6.58484 -6.80035 -6.49765 -6.68822 
0 0 0 0 0 0 0 0 0 0 0 0 0 0 0 0 117.579 4.42178 10.1734 5.1237 13.3631 3.63779 -3.79983 14.3438 9.64775 3.20629 12.6549 2.70137 10.4249 0.270796 -6.78556 4.60154 4.00843 4.12274 4.1713 4.26632 4.08382 4.09895 4.24672 4.21997 4.14015 4.12863 4.16623 4.15024 4.2219 4.11365 4.01569 4.19789 4.27245 4.17899 4.11586 4.15731 4.14038 4.14774 4.01535 4.18503 4.12414 4.1438 4.02578 4.1863 4.11819 4.25297 4.06367 4.18285 
0 0 0 0 0 0 0 0 0 0 0 0 0 0 0 0 0 114.67 7.2007 -0.155603 -2.87377 -5.22225 17.0633 0.611012 20.5457 1.06581 4.67005 1.21858 2.79839 8.22513 4.56016 -0.299233 5.60267 5.76243 5.83031 5.96312 5.70804 5.72918 5.93572 5.89833 5.78676 5.77067 5.82322 5.80087 5.90104 5.74973 5.61281 5.86747 5.97169 5.84105 5.75282 5.81075 5.78709 5.79737 5.61233 5.8495 5.76439 5.79187 5.62692 5.85127 5.75608 5.94446 5.67987 5.84645 
0 0 0 0 0 0 0 0 0 0 0 0 0 0 0 0 0 0 118.207 4.34698 21.1874 9.6718 -3.48937 6.67005 -0.828262 15.4059 -5.1538 8.9015 21.1414 24.8915 11.0944 8.3523 6.76696 6.95993 7.04191 7.20232 6.89424 6.91977 7.16923 7.12407 6.98932 6.96988 7.03334 7.00635 7.12734 6.94459 6.77921 7.08679 7.21267 7.05489 6.94832 7.01829 6.98971 7.00213 6.77864 7.06508 6.96229 6.99549 6.79625 7.06723 6.95225 7.17978 6.8602 7.06141 
0 0 0 0 0 0 0 0 0 0 0 0 0 0 0 0 0 0 0 -109.113 -5.78421 -1.10304 -2.24026 7.61156 -0.631103 -13.7936 -25.0284 -11.4114 1.64378 -9.90307 4.53207 -3.08325 -5.47308 -5.62915 -5.69545 -5.82519 -5.57601 -5.59666 -5.79843 -5.7619 -5.65291 -5.63719 -5.68852 -5.66669 -5.76454 -5.61674 -5.48298 -5.73175 -5.83356 -5.70595 -5.61976 -5.67635 -5.65323 -5.66328 -5.48252 -5.71419 -5.63106 -5.6579 -5.49677 -5.71593 -5.62294 -5.80696 -5.54849 -5.71122 
0 0 0 0 0 0 0 0 0 0 0 0 0 0 0 0 0 0 0 0 110.867 4.28039 0.708696 12.5585 12.2469 -7.93025 10.9369 5.2595 3.52345 -4.67731 12.2225 6.10992 5.13643 5.2829 5.34513 5.46689 5.23303 5.25241 5.44176 5.40749 5.3052 5.29045 5.33862 5.31814 5.40997 5.27125 5.14572 5.37919 5.47474 5.35497 5.27409 5.32719 5.3055 5.31493 5.14529 5.36271 5.28469 5.30989 5.15866 5.36434 5.27707 5.44978 5.2072 5.35992 
0 0 0 0 0 0 0 0 0 0 0 0 0 0 0 0 0 0 0 0 0 -113.764 -14.0543 11.1334 -10.6552 -10.953 -6.58733 -7.95412 0.334712 7.28141 0.10547 -1.06395 -2.60798 -2.68235 -2.71395 -2.77577 -2.65704 -2.66688 -2.76302 -2.74561 -2.69368 -2.68619 -2.71065 -2.70025 -2.74687 -2.67644 -2.61271 -2.73125 -2.77976 -2.71895 -2.67788 -2.70485 -2.69383 -2.69862 -2.61248 -2.72288 -2.68326 -2.69606 -2.61927 -2.72371 -2.67939 -2.76709 -2.64392 -2.72146 
0 0 0 0 0 0 0 0 0 0 0 0 0 0 0 0 0 0 0 0 0 0 109.435 9.57293 -8.4928 14.6798 13.5499 -0.110373 3.79408 1.23619 6.28355 0.542509 5.07383 5.21852 5.27999 5.40026 5.16926 5.1884 5.37545 5.34159 5.24055 5.22598 5.27356 5.25333 5.34404 5.20701 5.08302 5.31364 5.40802 5.28972 5.20981 5.26227 5.24084 5.25016 5.08258 5.29736 5.22029 5.24518 5.09579 5.29897 5.21276 5.38336 5.14374 5.2946 
0 0 0 0 0 0 0 0 0 0 0 0 0 0 0 0 0 0 0 0 0 0 0 -113.666 6.16747 -17.7295 -7.42974 9.28969 -10.2287 1.81334 -7.84851 -0.544097 -2.09737 -2.15717 -2.18258 -2.2323 -2.13681 -2.14473 -2.22204 -2.20805 -2.16628 -2.16026 -2.17993 -2.17156 -2.20906 -2.15242 -2.10116 -2.1965 -2.23551 -2.18661 -2.15358 -2.17526 -2.1664 -2.17025 -2.10098 -2.18977 -2.15791 -2.1682 -2.10644 -2.19043 -2.15479 -2.22532 -2.12627 -2.18863 
0 0 0 0 0 0 0 0 0 0 0 0 0 0 0 0 0 0 0 0 0 0 0 0 113.248 17.4242 -4.37512 7.66547 -6.23432 7.34103 13.1569 -2.85624 3.47933 3.57854 3.6207 3.70317 3.54477 3.55789 3.68616 3.66294 3.59365 3.58366 3.61629 3.60241 3.66462 3.57065 3.48563 3.64377 3.70849 3.62737 3.57258 3.60855 3.59385 3.60024 3.48533 3.63261 3.57976 3.59683 3.49439 3.63371 3.5746 3.69159 3.52727 3.63072 
0 0 0 0 0 0 0 0 0 0 0 0 0 0 0 0 0 0 0 0 0 0 0 0 0 108.079 7.48091 -2.49781 0.498443 -2.41196 -6.79564 2.26233 1.75883 1.80899 1.83029 1.87199 1.79191 1.79855 1.86338 1.85165 1.81662 1.81157 1.82807 1.82105 1.8525 1.805 1.76201 1.84196 1.87468 1.83367 1.80597 1.82415 1.81672 1.81995 1.76186 1.83632 1.8096 1.81823 1.76644 1.83687 1.80699 1.86613 1.78306 1.83536 
0 0 0 0 0 0 0 0 0 0 0 0 0 0 0 0 0 0 0 0 0 0 0 0 0 0 -112.086 -14.397 -10.5511 -3.73827 -15.7186 -6.9661 -1.82039 -1.8723 -1.89436 -1.93751 -1.85463 -1.8615 -1.92861 -1.91646 -1.88021 -1.87498 -1.89205 -1.88479 -1.91734 -1.86818 -1.82369 -1.90643 -1.94029 -1.89785 -1.86918 -1.888 -1.88031 -1.88366 -1.82353 -1.90059 -1.87294 -1.88187 -1.82827 -1.90117 -1.87024 -1.93145 -1.84548 -1.8996 
0 0 0 0 0 0 0 0 0 0 0 0 0 0 0 0 0 0 0 0 0 0 0 0 0 0 0 -113.652 2.61852 -1.67919 -7.82392 -1.20144 -3.71037 -3.81618 -3.86113 -3.94909 -3.78016 -3.79416 -3.93094 -3.90618 -3.83229 -3.82163 -3.85643 -3.84163 -3.90797 -3.80777 -3.71709 -3.88574 -3.95476 -3.86825 -3.80981 -3.84818 -3.83251 -3.83932 -3.71677 -3.87384 -3.81748 -3.83568 -3.72643 -3.87501 -3.81197 -3.93673 -3.7615 -3.87182 
0 0 0 0 0 0 0 0 0 0 0 0 0 0 0 0 0 0 0 0 0 0 0 0 0 0 0 0 115.675 2.97067 6.42887 -3.9942 3.57741 3.67942 3.72276 3.80757 3.64469 3.65819 3.79007 3.7662 3.69496 3.68468 3.71823 3.70397 3.76792 3.67131 3.58389 3.74649 3.81304 3.72962 3.67329 3.71028 3.69517 3.70173 3.58358 3.73501 3.68067 3.69822 3.59289 3.73615 3.67536 3.79565 3.6267 3.73307 
0 0 0 0 0 0 0 0 0 0 0 0 0 0 0 0 0 0 0 0 0 0 0 0 0 0 0 0 0 -104.48 3.14769 -4.58926 -4.59958 -4.73074 -4.78647 -4.8955 -4.68609 -4.70344 -4.873 -4.84231 -4.75072 -4.73751 -4.78064 -4.7623 -4.84453 -4.72031 -4.60791 -4.81697 -4.90253 -4.79529 -4.72285 -4.77041 -4.75098 -4.75943 -4.60752 -4.80222 -4.73235 -4.75491 -4.61949 -4.80368 -4.72552 -4.88018 -4.66296 -4.79972 
0 0 0 0 0 0 0 0 0 0 0 0 0 0 0 0 0 0 0 0 0 0 0 0 0 0 0 0 0 0 -106.361 -3.49408 -3.13755 -3.22702 -3.26503 -3.3394 -3.19656 -3.20839 -3.32406 -3.30312 -3.24064 -3.23163 -3.26105 -3.24854 -3.30463 -3.2199 -3.14322 -3.28584 -3.3442 -3.27104 -3.22163 -3.25407 -3.24082 -3.24658 -3.14296 -3.27577 -3.22811 -3.2435 -3.15113 -3.27677 -3.22345 -3.32895 -3.18078 -3.27407 
0 0 0 0 0 0 0 0 0 0 0 0 0 0 0 0 0 0 0 0 0 0 0 0 0 0 0 0 0 0 0 -103.037 -2.59705 -2.67111 -2.70257 -2.76413 -2.64589 -2.65569 -2.75143 -2.7341 -2.68239 -2.67492 -2.69928 -2.68892 -2.73535 -2.66522 -2.60175 -2.7198 -2.7681 -2.70755 -2.66665 -2.6935 -2.68253 -2.6873 -2.60153 -2.71146 -2.67201 -2.68475 -2.60829 -2.71229 -2.66816 -2.75548 -2.63283 -2.71005 
0 0 0 0 0 0 0 0 0 0 0 0 0 0 0 0 0 0 0 0 0 0 0 0 0 0 0 0 0 0 0 0 -115.248 -6.95909 -12.0039 -12.0911 -1.21701 -5.67384 -1.20752 1.66523 -10.9285 -4.5723 -0.723407 -5.40236 6.3931 -0.202392 -12.2071 -3.55135 -4.84286 1.69418 -2.78307 5.72376 -0.359552 -10.0009 -5.09274 -7.42045 -3.59867 -5.92567 -4.97456 -1.50079 -4.02786 -4.21599 -7.8483 -4.20863 
0 0 0 0 0 0 0 0 0 0 0 0 0 0 0 0 0 0 0 0 0 0 0 0 0 0 0 0 0 0 0 0 0 117.906 3.8435 0.912058 5.46096 3.84708 2.35272 5.14835 2.77775 -0.82282 4.62309 0.67705 1.17977 1.39164 2.14631 -0.94361 2.45975 2.924 2.62806 2.46735 10.5169 2.73831 2.58275 4.33777 9.36869 1.63357 5.32783 6.55427 0.50758 -4.71445 4.14427 11.836 
0 0 0 0 0 0 0 0 0 0 0 0 0 0 0 0 0 0 0 0 0 0 0 0 0 0 0 0 0 0 0 0 0 0 -114.249 5.39976 -4.28035 -3.04504 -8.18894 -6.31801 -5.377 -2.38809 -8.03051 -3.28779 1.90424 -5.19984 -8.02344 -5.05137 -6.54981 -2.11915 0.154543 -7.32884 -3.73219 -1.82426 -0.0862294 1.50897 -1.51122 -6.94982 -3.00232 -5.91986 -0.287203 2.42668 -6.12071 -4.80821 
0 0 0 0 0 0 0 0 0 0 0 0 0 0 0 0 0 0 0 0 0 0 0 0 0 0 0 0 0 0 0 0 0 0 0 112.828 5.39951 3.18424 4.29243 3.9106 6.8924 0.538346 5.19713 7.75265 6.7769 8.29826 5.29931 4.33722 2.83433 3.87368 2.16668 -3.94768 4.05096 7.23264 4.17086 9.24678 -2.8822 -0.625842 5.29996 -2.29968 -3.6631 4.19218 -6.17702 0.40958 
0 0 0 0 0 0 0 0 0 0 0 0 0 0 0 0 0 0 0 0 0 0 0 0 0 0 0 0 0 0 0 0 0 0 0 0 116.527 0.778577 4.04737 1.75508 -6.2556 -0.380586 5.57876 -2.26762 0.975478 5.91478 2.34602 2.40414 4.85476 6.26794 4.65923 5.1349 -2.82596 3.93014 8.15517 9.22408 2.04147 1.12811 -3.37402 1.50895 -8.35704 1.21576 1.43614 3.09107 
0 0 0 0 0 0 0 0 0 0 0 0 0 0 0 0 0 0 0 0 0 0 0 0 0 0 0 0 0 0 0 0 0 0 0 0 0 118.802 1.77151 10.8053 1.7355 5.99904 5.70955 -3.23889 3.90241 -0.120264 -6.35278 0.605191 4.30548 2.24982 -1.38794 3.25103 0.948811 7.55678 2.44652 5.64068 1.0827 5.43937 2.33268 9.92337 6.4733 1.9218 -2.16926 2.41428 
0 0 0 0 0 0 0 0 0 0 0 0 0 0 0 0 0 0 0 0 0 0 0 0 0 0 0 0 0 0 0 0 0 0 0 0 0 0 -117.637 -0.0101937 -5.24436 -3.22831 -4.89407 0.680717 -6.12797 -8.20301 -4.95223 -3.23176 -2.67781 -2.69561 2.65656 2.34964 -2.58441 -4.80139 -4.12132 3.13638 -1.99006 -2.62776 -6.02358 2.23211 4.52673 -4.74503 -8.677 -2.01618 
0 0 0 0 0 0 0 0 0 0 0 0 0 0 0 0 0 0 0 0 0 0 0 0 0 0 0 0 0 0 0 0 0 0 0 0 0 0 0 -112.609 -11.8817 -9.27691 3.02149 -7.9918 2.35369 -2.51686 0.564957 -6.35098 -5.76859 -2.84283 -2.2563 -0.819831 -1.86911 -5.68308 0.0120659 -8.67444 -4.64269 -2.09386 -0.261764 -1.51609 -10.0862 -5.03139 2.99378 -5.27419 
0 0 0 0 0 0 0 0 0 0 0 0 0 0 0 0 0 0 0 0 0 0 0 0 0 0 0 0 0 0 0 0 0 0 0 0 0 0 0 0 116.263 7.64209 5.8995 8.91169 -3.34687 5.05783 2.1025 3.71742 -2.33937 -6.20258 -1.62044 -2.25192 4.42901 6.32349 -0.624947 4.39339 2.05944 4.75806 7.24242 2.5004 2.95296 2.02826 5.3493 2.94321 
0 0 0 0 0 0 0 0 0 0 0 0 0 0 0 0 0 0 0 0 0 0 0 0 0 0 0 0 0 0 0 0 0 0 0 0 0 0 0 0 0 116.864 -1.97357 2.66761 -3.45542 4.04045 4.26736 -0.10356 3.24285 1.70974 4.89411 0.459619 3.6646 1.56746 2.96968 1.81007 4.02017 6.46757 3.9573 13.7773 -0.815906 -2.60424 -5.03106 5.92418 
0 0 0 0 0 0 0 0 0 0 0 0 0 0 0 0 0 0 0 0 0 0 0 0 0 0 0 0 0 0 0 0 0 0 0 0 0 0 0 0 0 0 -115.632 -0.574221 -0.204344 -1.01893 -0.357628 -4.72783 -4.74358 3.77558 -2.5508 0.0655112 -6.56789 4.51804 -4.58022 -3.75088 -0.854249 -2.2756 -5.35873 -2.23829 0.175086 2.00018 -2.30717 0.3131 
0 0 0 0 0 0 0 0 0 0 0 0 0 0 0 0 0 0 0 0 0 0 0 0 0 0 0 0 0 0 0 0 0 0 0 0 0 0 0 0 0 0 0 113.875 1.73386 2.6397 0.40768 9.55527 -6.65157 4.01295 0.629786 1.6945 9.05956 -0.0465471 -1.33041 5.8759 2.7775 0.902715 4.85707 -0.724832 4.86428 8.65303 2.6791 7.37996 
0 0 0 0 0 0 0 0 0 0 0 0 0 0 0 0 0 0 0 0 0 0 0 0 0 0 0 0 0 0 0 0 0 0 0 0 0 0 0 0 0 0 0 0 -113.041 -1.39529 -6.49489 3.14882 -4.537 -7.07804 -1.47952 -2.30546 -5.04328 -10.2702 -6.67119 1.91655 -0.577283 -9.17315 4.87138 2.05781 -9.35723 -8.81735 3.40409 1.2902 
0 0 0 0 0 0 0 0 0 0 0 0 0 0 0 0 0 0 0 0 0 0 0 0 0 0 0 0 0 0 0 0 0 0 0 0 0 0 0 0 0 0 0 0 0 117.721 -0.179751 -0.907881 -0.180122 5.49575 -5.40138 2.26545 7.56024 7.43659 4.97575 2.88296 3.95791 -3.96401 3.95001 -0.863153 8.73688 4.7225 3.82325 9.5398 
0 0 0 0 0 0 0 0 0 0 0 0 0 0 0 0 0 0 0 0 0 0 0 0 0 0 0 0 0 0 0 0 0 0 0 0 0 0 0 0 0 0 0 0 0 0 115.921 -1.29291 -2.30112 1.71783 4.63632 -1.78297 0.263729 -0.703109 8.52175 -3.13081 7.12231 2.79105 2.09095 6.18517 2.58793 2.27549 -3.91906 9.64316 
0 0 0 0 0 0 0 0 0 0 0 0 0 0 0 0 0 0 0 0 0 0 0 0 0 0 0 0 0 0 0 0 0 0 0 0 0 0 0 0 0 0 0 0 0 0 0 -114.287 -8.29867 -10.845 -5.70832 -3.47286 -4.66932 -2.51735 -1.91306 -4.43347 3.99418 3.59978 -6.29128 -3.01787 -1.83779 8.42819 -2.41673 4.68046 
0 0 0 0 0 0 0 0 0 0 0 0 0 0 0 0 0 0 0 0 0 0 0 0 0 0 0 0 0 0 0 0 0 0 0 0 0 0 0 0 0 0 0 0 0 0 0 0 -116.373 -11.0989 2.61532 -9.51521 -1.29701 4.75868 -8.60516 1.42889 0.0440119 -3.31705 -2.09762 -6.18169 -3.62798 -0.487835 -9.19894 2.07345 
0 0 0 0 0 0 0 0 0 0 0 0 0 0 0 0 0 0 0 0 0 0 0 0 0 0 0 0 0 0 0 0 0 0 0 0 0 0 0 0 0 0 0 0 0 0 0 0 0 -116.524 1.13589 4.7663 1.01364 -4.67911 -2.33412 -0.174632 -2.98335 -4.32524 -11.0875 4.16456 5.23709 -6.05138 -11.7335 -6.5638 
0 0 0 0 0 0 0 0 0 0 0 0 0 0 0 0 0 0 0 0 0 0 0 0 0 0 0 0 0 0 0 0 0 0 0 0 0 0 0 0 0 0 0 0 0 0 0 0 0 0 115.74 0.987162 1.24822 4.55104 8.54654 5.08644 -1.94495 -1.04826 2.68205 4.54316 10.764 8.72262 8.15533 4.60107 
0 0 0 0 0 0 0 0 0 0 0 0 0 0 0 0 0 0 0 0 0 0 0 0 0 0 0 0 0 0 0 0 0 0 0 0 0 0 0 0 0 0 0 0 0 0 0 0 0 0 0 119.064 4.23898 9.40982 7.44908 0.220942 -2.3507 6.52784 -1.69409 2.99459 7.25253 3.36252 4.3651 -4.84979 
0 0 0 0 0 0 0 0 0 0 0 0 0 0 0 0 0 0 0 0 0 0 0 0 0 0 0 0 0 0 0 0 0 0 0 0 0 0 0 0 0 0 0 0 0 0 0 0 0 0 0 0 116.596 -9.19047 2.3375 -1.72069 -3.53987 6.07875 5.07215 0.666907 11.033 5.93901 3.46468 6.45137 
0 0 0 0 0 0 0 0 0 0 0 0 0 0 0 0 0 0 0 0 0 0 0 0 0 0 0 0 0 0 0 0 0 0 0 0 0 0 0 0 0 0 0 0 0 0 0 0 0 0 0 0 0 -115.78 -0.484889 -7.42511 -3.24733 3.19594 -12.7644 4.37253 4.38633 -3.46105 -4.02123 -4.7642 
0 0 0 0 0 0 0 0 0 0 0 0 0 0 0 0 0 0 0 0 0 0 0 0 0 0 0 0 0 0 0 0 0 0 0 0 0 0 0 0 0 0 0 0 0 0 0 0 0 0 0 0 0 0 115.515 -0.495103 7.50784 -0.539534 3.22561 -8.48045 3.26736 11.6569 1.48777 -3.62981 
0 0 0 0 0 0 0 0 0 0 0 0 0 0 0 0 0 0 0 0 0 0 0 0 0 0 0 0 0 0 0 0 0 0 0 0 0 0 0 0 0 0 0 0 0 0 0 0 0 0 0 0 0 0 0 -115.643 10.3498 3.70947 5.42538 -2.13248 3.80538 -5.21545 -12.0289 -1.7455 
0 0 0 0 0 0 0 0 0 0 0 0 0 0 0 0 0 0 0 0 0 0 0 0 0 0 0 0 0 0 0 0 0 0 0 0 0 0 0 0 0 0 0 0 0 0 0 0 0 0 0 0 0 0 0 0 -115.534 5.2425 0.230577 -3.05207 -5.05643 5.20213 -10.5272 -2.84722 
0 0 0 0 0 0 0 0 0 0 0 0 0 0 0 0 0 0 0 0 0 0 0 0 0 0 0 0 0 0 0 0 0 0 0 0 0 0 0 0 0 0 0 0 0 0 0 0 0 0 0 0 0 0 0 0 0 117.054 0.442193 0.914124 4.15833 -0.0652438 2.5109 -0.30829 
0 0 0 0 0 0 0 0 0 0 0 0 0 0 0 0 0 0 0 0 0 0 0 0 0 0 0 0 0 0 0 0 0 0 0 0 0 0 0 0 0 0 0 0 0 0 0 0 0 0 0 0 0 0 0 0 0 0 -109.087 -3.43711 2.28556 -1.08258 -5.61623 -5.10032 
0 0 0 0 0 0 0 0 0 0 0 0 0 0 0 0 0 0 0 0 0 0 0 0 0 0 0 0 0 0 0 0 0 0 0 0 0 0 0 0 0 0 0 0 0 0 0 0 0 0 0 0 0 0 0 0 0 0 0 115.279 -0.301988 4.08594 0.50209 -6.5084 
0 0 0 0 0 0 0 0 0 0 0 0 0 0 0 0 0 0 0 0 0 0 0 0 0 0 0 0 0 0 0 0 0 0 0 0 0 0 0 0 0 0 0 0 0 0 0 0 0 0 0 0 0 0 0 0 0 0 0 0 -114.819 -8.69615 -0.868205 -3.98305 
0 0 0 0 0 0 0 0 0 0 0 0 0 0 0 0 0 0 0 0 0 0 0 0 0 0 0 0 0 0 0 0 0 0 0 0 0 0 0 0 0 0 0 0 0 0 0 0 0 0 0 0 0 0 0 0 0 0 0 0 0 -116.496 1.99784 2.25247 
0 0 0 0 0 0 0 0 0 0 0 0 0 0 0 0 0 0 0 0 0 0 0 0 0 0 0 0 0 0 0 0 0 0 0 0 0 0 0 0 0 0 0 0 0 0 0 0 0 0 0 0 0 0 0 0 0 0 0 0 0 0 -113.969 -1.56709 
0 0 0 0 0 0 0 0 0 0 0 0 0 0 0 0 0 0 0 0 0 0 0 0 0 0 0 0 0 0 0 0 0 0 0 0 0 0 0 0 0 0 0 0 0 0 0 0 0 0 0 0 0 0 0 0 0 0 0 0 0 0 0 -111.723 
