-83.1973 -64.1683 -63.1073 -60.2908 -62.7007 -64.7608 -62.4296 -60.3865 -62.545 -64.964 -59.9366 -66.0447 -61.9219 -62.7041 -62.1216 -60.4912 -62.5916 -64.5803 -63.298 -62.1287 -62.8083 -60.5882 -65.1044 -58.6426 -62.0519 -71.8151 -67.1195 -63.0905 -66.1835 -65.8211 -63.6602 -57.9907 -54.6918 -59.2407 -54.5582 -62.1 -58.5106 -63.7769 -65.3446 -60.8572 -65.3417 -65.3696 -60.8231 -63.397 -67.3019 -55.5225 -63.9339 -51.0519 -70.7494 -60.3307 -60.1914 -60.0529 -64.3361 -63.0913 -59.2431 -60.5506 -65.6629 -62.7292 -61.2252 -62.2173 -64.2423 -66.4056 -64.2443 -63.1755 
0 -52.2836 -19.1729 -23.5999 -25.5013 -17.1819 -20.3082 -22.8043 -20.7884 -23.3912 -24.4053 -20.857 -18.3116 -20.4132 -25.3319 -19.5253 -19.108 -18.4629 -26.2157 -26.6872 -20.2832 -18.7083 -20.1216 -19.2035 -20.7839 -24.4277 -23.0918 -20.6812 -22.9626 -19.8072 -22.891 -20.1596 -19.3789 -20.9908 -19.3316 -22.0039 -20.7321 -22.5981 -23.1536 -21.5635 -23.1525 -23.1624 -21.5515 -22.4634 -23.8471 -19.6733 -22.6537 -18.0892 -25.0686 -21.377 -21.3276 -21.2786 -22.7962 -22.3551 -20.9916 -21.4549 -23.2663 -22.2268 -21.6939 -22.0454 -22.763 -23.5295 -22.7637 -22.385 
0 0 47.5386 16.3043 14.2723 11.6565 16.256 9.13877 9.10426 12.4354 15.3325 18.8084 17.9929 10.1277 20.728 10.5895 14.3583 10.2265 14.0445 15.4654 13.2891 17.3312 18.0588 16.8529 13.0268 14.0274 11.7437 13.4185 9.92737 17.8402 16.229 15.2291 12.7584 13.8195 12.7272 14.4866 13.6492 14.8777 15.2434 14.1966 15.2428 15.2493 14.1887 14.7891 15.7 12.9522 14.9143 11.9093 16.5042 14.0738 14.0413 14.009 15.0082 14.7178 13.8201 14.1251 15.3177 14.6333 14.2825 14.5139 14.9863 15.4909 14.9868 14.7374 
0 0 0 -49.159 -9.01435 -4.71505 -9.03747 -14.3814 -14.3986 -13.0671 -12.094 -12.217 -5.64824 -9.47739 -17.9266 -14.2136 -12.2531 -12.1449 -8.64826 -10.0332 -10.8989 -9.37114 -6.17425 -12.009 -12.4349 -13.6717 -9.29579 -14.924 -9.86427 -11.6312 -10.064 -14.0447 -10.2812 -11.1363 -10.2561 -11.6738 -10.9991 -11.9891 -12.2838 -11.4402 -12.2832 -12.2885 -11.4338 -11.9176 -12.6517 -10.4374 -12.0186 -9.59697 -13.2998 -11.3412 -11.3151 -11.289 -12.0942 -11.8602 -11.1368 -11.3826 -12.3436 -11.7921 -11.5094 -11.6959 -12.0766 -12.4832 -12.0769 -11.876 
0 0 0 0 -43.3541 -5.70867 -10.4384 -8.37941 -8.02186 -6.65015 -11.8352 -4.56832 -4.67259 -12.993 -8.53474 -9.77258 -2.23658 -8.86279 -8.44989 -10.1481 -7.89297 -4.49289 -3.66588 -11.0506 -9.77315 -6.5876 -10.1464 -0.455628 -6.15537 -7.9396 -2.344 -7.51227 -6.81316 -7.37983 -6.79652 -7.73603 -7.28888 -7.94492 -8.14022 -7.58121 -8.13986 -8.14333 -7.57696 -7.89759 -8.38405 -6.91664 -7.96448 -6.35973 -8.81351 -7.51562 -7.49827 -7.48101 -8.01459 -7.85952 -7.38013 -7.54302 -8.17987 -7.81441 -7.62705 -7.75064 -8.0029 -8.27239 -8.00315 -7.87 
0 0 0 0 0 44.8803 6.43699 9.73266 4.33472 3.7175 9.26066 6.89439 9.94843 9.99354 8.07253 5.00113 5.66588 10.1091 5.27057 11.1741 3.86235 10.3051 5.44724 6.3851 7.20384 6.09816 5.27315 5.05938 6.78022 6.02125 8.5888 8.13988 6.10813 6.61617 6.09322 6.93551 6.53464 7.12279 7.29788 6.79671 7.29755 7.30067 6.7929 7.08036 7.51647 6.20091 7.14032 5.70163 7.90149 6.73791 6.72235 6.70688 7.18524 7.04622 6.61644 6.76247 7.33342 7.00578 6.83781 6.94861 7.17476 7.41637 7.17499 7.05562 
0 0 0 0 0 0 -43.1698 -7.08905 -4.78398 -2.6409 -4.76449 -4.78881 -4.0396 -6.63661 -0.892102 -2.81129 -1.88971 -7.77746 -5.85201 -8.75785 -6.17576 -6.26002 -1.05311 -0.681814 -8.12486 -3.65651 -8.36676 -5.38225 -5.0773 -2.77564 -9.67181 -0.690015 -4.48648 -4.85964 -4.47552 -5.09419 -4.79975 -5.23175 -5.36036 -4.99224 -5.36011 -5.3624 -4.98945 -5.20058 -5.52091 -4.55462 -5.24463 -4.18789 -5.80372 -4.94906 -4.93763 -4.92627 -5.27762 -5.17551 -4.85983 -4.96709 -5.38646 -5.14581 -5.02243 -5.10381 -5.26993 -5.44739 -5.27009 -5.18242 
0 0 0 0 0 0 0 41.8913 4.32691 1.57062 9.79806 0.383708 6.04847 11.0518 7.68477 0.874328 8.32103 4.61434 -0.788984 1.09989 8.24902 1.33591 -0.519842 1.99937 9.87122 4.59979 0.883929 6.08491 6.11261 -0.305444 7.47427 -1.69109 3.30777 3.5829 3.2997 3.75583 3.53874 3.85724 3.95206 3.68066 3.95188 3.95357 3.6786 3.83427 4.07044 3.35802 3.86674 3.08764 4.27894 3.64882 3.64039 3.63202 3.89107 3.81578 3.58304 3.66212 3.97131 3.79388 3.70292 3.76292 3.88539 4.01623 3.88551 3.82087 
0 0 0 0 0 0 0 0 -44.2771 -1.16795 -4.07203 -8.30173 -6.64108 -6.49365 -3.8429 -6.3947 -9.36743 -9.85899 -6.74389 -9.65338 -5.33206 -3.76636 -6.12627 -7.49427 -10.062 -11.5326 -5.62721 -5.02396 -3.84051 -6.56606 -2.00335 -6.69275 -4.85213 -5.2557 -4.84028 -5.50938 -5.19093 -5.65814 -5.79723 -5.39912 -5.79697 -5.79945 -5.39609 -5.62444 -5.97088 -4.92583 -5.67207 -4.52921 -6.27673 -5.35241 -5.34005 -5.32776 -5.70776 -5.59732 -5.25591 -5.37192 -5.82547 -5.5652 -5.43176 -5.51978 -5.69943 -5.89136 -5.69961 -5.60479 
0 0 0 0 0 0 0 0 0 -42.5932 -9.65128 -6.15946 -0.879263 -4.19836 -0.632798 -4.2766 -5.83658 -2.15908 -1.39882 -3.83895 -4.41578 -7.04996 -9.70429 -3.33412 -3.4091 -7.49076 -4.05824 -3.26322 -2.20851 -1.56707 -7.49429 -2.8046 -3.28738 -3.5608 -3.27935 -3.73267 -3.51692 -3.83346 -3.92769 -3.65797 -3.92752 -3.9292 -3.65592 -3.81062 -4.04534 -3.33731 -3.8429 -3.0686 -4.25256 -3.62632 -3.61795 -3.60962 -3.86708 -3.79225 -3.56095 -3.63954 -3.94682 -3.77049 -3.68009 -3.73972 -3.86144 -3.99146 -3.86156 -3.79731 
0 0 0 0 0 0 0 0 0 0 38.3058 1.21386 3.0368 -3.90067 2.51808 -0.598472 -0.0625928 6.21651 3.31431 4.94351 2.3855 7.41419 2.08123 -0.331686 5.87603 2.17774 -1.10157 1.89208 1.19143 1.22365 5.01895 -0.113123 1.77809 1.92598 1.77375 2.01894 1.90225 2.07346 2.12443 1.97854 2.12433 2.12524 1.97743 2.06111 2.18806 1.8051 2.07856 1.65976 2.30014 1.96142 1.95689 1.95239 2.09164 2.05117 1.92606 1.96857 2.13478 2.0394 1.9905 2.02276 2.08859 2.15892 2.08866 2.05391 
0 0 0 0 0 0 0 0 0 0 0 -43.162 -4.46405 -6.01143 0.987288 -9.50009 -8.47311 -7.6312 -2.62385 -6.0405 -10.2797 -3.35977 -3.94571 -6.84959 -8.1957 -7.03812 -4.16328 -6.77597 -10.5036 -6.77423 -8.29707 -9.61899 -4.61308 -4.99677 -4.60182 -5.23794 -4.93519 -5.37938 -5.51162 -5.13312 -5.51137 -5.51372 -5.13024 -5.34734 -5.6767 -4.68315 -5.39262 -4.30607 -5.96749 -5.08871 -5.07696 -5.06528 -5.42655 -5.32156 -4.99697 -5.10726 -5.53846 -5.29101 -5.16415 -5.24783 -5.41864 -5.6011 -5.41881 -5.32866 
0 0 0 0 0 0 0 0 0 0 0 0 41.5336 4.87441 2.36008 1.26407 3.69755 6.73173 3.2261 3.90161 5.02643 6.64022 7.37525 4.90342 2.18497 3.07032 -0.307917 -3.94933 6.56496 8.23608 7.33673 4.06829 3.31432 3.58998 3.30622 3.76326 3.54574 3.86488 3.95988 3.68794 3.9597 3.96139 3.68588 3.84185 4.07849 3.36466 3.87439 3.09374 4.28741 3.65604 3.6476 3.6392 3.89876 3.82333 3.59013 3.66937 3.97917 3.80139 3.71024 3.77036 3.89308 4.02417 3.8932 3.82843 
0 0 0 0 0 0 0 0 0 0 0 0 0 41.0694 -1.2899 0.826125 3.12742 4.75109 5.06252 3.83988 2.88827 2.21047 4.22167 -1.59292 -1.95416 5.31349 -0.0128587 3.12892 1.14272 1.65826 3.55907 8.72209 1.28651 1.39351 1.28337 1.46077 1.37634 1.50022 1.53709 1.43154 1.53703 1.53768 1.43074 1.49128 1.58314 1.30605 1.50391 1.20089 1.66423 1.41915 1.41588 1.41262 1.51337 1.48409 1.39357 1.42433 1.54458 1.47557 1.44019 1.46353 1.51116 1.56205 1.51121 1.48607 
0 0 0 0 0 0 0 0 0 0 0 0 0 0 41.4527 2.24185 3.58347 0.668045 4.41268 5.42258 2.58456 3.89441 0.117527 1.57683 2.90344 5.61297 -1.04006 6.1396 5.39646 -0.612585 1.02303 2.67709 3.32203 3.59833 3.31392 3.77201 3.55399 3.87387 3.96909 3.69652 3.96891 3.97061 3.69445 3.85079 4.08798 3.37249 3.8834 3.10094 4.29738 3.66454 3.65608 3.64767 3.90783 3.83222 3.59848 3.6779 3.98842 3.81023 3.71887 3.77913 3.90213 4.03353 3.90226 3.83734 
0 0 0 0 0 0 0 0 0 0 0 0 0 0 0 -40.7883 -4.50946 -2.74517 0.526156 -3.99795 -0.202489 0.107279 -1.81801 -1.81442 -2.43737 -3.51472 -1.18967 -2.7826 2.63245 0.2451 -4.20091 -3.28325 -2.06953 -2.24166 -2.06448 -2.34986 -2.21404 -2.41331 -2.47264 -2.30283 -2.47252 -2.47358 -2.30154 -2.39894 -2.5467 -2.10097 -2.41925 -1.9318 -2.67715 -2.28291 -2.27764 -2.2724 -2.43447 -2.38737 -2.24175 -2.29123 -2.48468 -2.37367 -2.31676 -2.3543 -2.43092 -2.51278 -2.431 -2.39056 
0 0 0 0 0 0 0 0 0 0 0 0 0 0 0 0 41.5703 1.56334 3.59683 1.8115 4.72456 1.28615 -1.34344 5.0713 3.411 1.13359 4.47418 0.955078 3.68575 0.095741 -2.39906 1.62689 1.2943 1.40195 1.29114 1.46961 1.38467 1.5093 1.5464 1.4402 1.54633 1.54699 1.4394 1.50031 1.59272 1.31396 1.51301 1.20816 1.6743 1.42774 1.42445 1.42117 1.52253 1.49307 1.402 1.43295 1.55393 1.4845 1.44891 1.47239 1.52031 1.57151 1.52036 1.49507 
0 0 0 0 0 0 0 0 0 0 0 0 0 0 0 0 0 40.5419 2.54583 -0.0550138 -1.01603 -1.84634 6.03277 0.216025 7.26402 0.376822 1.65111 0.430834 0.989379 2.90802 1.61226 -0.105795 1.80906 1.95953 1.80465 2.05411 1.93538 2.10958 2.16143 2.013 2.16134 2.16226 2.01187 2.09701 2.22617 1.83654 2.11477 1.68867 2.34021 1.99559 1.99098 1.9864 2.12807 2.0869 1.95961 2.00286 2.17196 2.07492 2.02517 2.05799 2.12497 2.19653 2.12504 2.08968 
0 0 0 0 0 0 0 0 0 0 0 0 0 0 0 0 0 0 41.7926 1.53689 7.49087 3.4195 -1.23368 2.35822 -0.292835 5.44679 -1.82214 3.14715 7.47462 8.80046 3.92247 2.95298 2.18501 2.36674 2.17967 2.48098 2.33757 2.54797 2.6106 2.43132 2.61048 2.6116 2.42996 2.53279 2.6888 2.21819 2.55424 2.03959 2.82653 2.41029 2.40472 2.39919 2.57031 2.52058 2.36684 2.41908 2.62332 2.50611 2.44602 2.48566 2.56656 2.65299 2.56664 2.52394 
0 0 0 0 0 0 0 0 0 0 0 0 0 0 0 0 0 0 0 -38.5774 -2.04503 -0.389984 -0.792051 2.69109 -0.223129 -4.87677 -8.84887 -4.03455 0.581164 -3.50127 1.60233 -1.09009 -1.76722 -1.91421 -1.7629 -2.0066 -1.89062 -2.06078 -2.11144 -1.96644 -2.11134 -2.11224 -1.96534 -2.0485 -2.17468 -1.79406 -2.06585 -1.64961 -2.28608 -1.94943 -1.94493 -1.94045 -2.07885 -2.03863 -1.91428 -1.95653 -2.12172 -2.02693 -1.97833 -2.01039 -2.07582 -2.14572 -2.07588 -2.04135 
0 0 0 0 0 0 0 0 0 0 0 0 0 0 0 0 0 0 0 0 39.1975 1.51335 0.250562 4.44009 4.32994 -2.80377 3.86676 1.85951 1.24573 -1.65368 4.3213 2.16018 1.65852 1.79646 1.65447 1.88317 1.77432 1.93402 1.98156 1.84548 1.98147 1.98232 1.84445 1.9225 2.04092 1.68371 1.93878 1.54814 2.14546 1.82952 1.82529 1.82109 1.95098 1.91323 1.79653 1.83619 1.99121 1.90225 1.85664 1.88673 1.94813 2.01374 1.9482 1.91578 
0 0 0 0 0 0 0 0 0 0 0 0 0 0 0 0 0 0 0 0 0 -40.2215 -4.96895 3.93626 -3.76716 -3.87247 -2.32897 -2.8122 0.118339 2.57437 0.0372893 -0.376164 -0.8421 -0.912141 -0.840044 -0.956167 -0.9009 -0.981986 -1.00612 -0.937031 -1.00608 -1.00651 -0.936506 -0.976136 -1.03626 -0.854891 -0.984403 -0.786057 -1.08934 -0.928925 -0.92678 -0.924647 -0.990596 -0.97143 -0.912178 -0.932311 -1.01103 -0.965854 -0.942697 -0.957972 -0.989152 -1.02246 -0.989183 -0.972726 
0 0 0 0 0 0 0 0 0 0 0 0 0 0 0 0 0 0 0 0 0 0 38.6912 3.38454 -3.00266 5.1901 4.79063 -0.0390226 1.34141 0.437058 2.22157 0.191806 1.63831 1.77457 1.63431 1.86022 1.7527 1.91045 1.95742 1.82299 1.95733 1.95816 1.82197 1.89907 2.01605 1.66319 1.91516 1.52927 2.11932 1.80722 1.80305 1.7989 1.9272 1.88992 1.77464 1.81381 1.96695 1.87907 1.83402 1.86373 1.92439 1.9892 1.92445 1.89244 
0 0 0 0 0 0 0 0 0 0 0 0 0 0 0 0 0 0 0 0 0 0 0 -40.1869 2.18053 -6.26831 -2.62681 3.2844 -3.61638 0.641111 -2.77487 -0.192367 -0.677225 -0.733553 -0.675571 -0.768959 -0.724513 -0.789722 -0.809135 -0.753569 -0.809099 -0.809444 -0.753147 -0.785018 -0.833371 -0.687512 -0.791666 -0.632155 -0.87606 -0.74705 -0.745325 -0.74361 -0.796647 -0.781233 -0.733582 -0.749773 -0.813076 -0.776749 -0.758126 -0.770411 -0.795485 -0.822272 -0.79551 -0.782276 
0 0 0 0 0 0 0 0 0 0 0 0 0 0 0 0 0 0 0 0 0 0 0 0 40.0392 6.16039 -1.54684 2.71015 -2.20416 2.59545 4.65167 -1.00983 1.12345 1.21689 1.12071 1.27563 1.2019 1.31007 1.34228 1.2501 1.34222 1.34279 1.2494 1.30227 1.38248 1.14052 1.3133 1.04868 1.4533 1.23928 1.23642 1.23358 1.32156 1.29599 1.21694 1.2438 1.34881 1.28855 1.25766 1.27804 1.31963 1.36407 1.31967 1.29772 
0 0 0 0 0 0 0 0 0 0 0 0 0 0 0 0 0 0 0 0 0 0 0 0 0 38.2117 2.6449 -0.883109 0.176226 -0.852756 -2.40262 0.799854 0.567914 0.61515 0.566527 0.644841 0.607569 0.662253 0.678533 0.631936 0.678502 0.678792 0.631582 0.658308 0.698857 0.57654 0.663883 0.530118 0.734655 0.626469 0.625022 0.623584 0.66806 0.655134 0.615175 0.628752 0.681837 0.651374 0.635757 0.646059 0.667086 0.689549 0.667107 0.656008 
0 0 0 0 0 0 0 0 0 0 0 0 0 0 0 0 0 0 0 0 0 0 0 0 0 0 -39.6285 -5.0901 -3.73038 -1.32168 -5.55736 -2.46289 -0.587793 -0.636682 -0.586357 -0.667412 -0.628835 -0.685434 -0.702283 -0.654055 -0.702251 -0.702551 -0.653689 -0.681351 -0.723318 -0.596721 -0.687121 -0.548674 -0.76037 -0.648397 -0.646899 -0.645411 -0.691444 -0.678066 -0.636707 -0.65076 -0.705703 -0.674174 -0.65801 -0.668672 -0.690436 -0.713685 -0.690457 -0.67897 
0 0 0 0 0 0 0 0 0 0 0 0 0 0 0 0 0 0 0 0 0 0 0 0 0 0 0 -40.1822 0.925788 -0.593682 -2.76618 -0.424772 -1.19805 -1.2977 -1.19513 -1.36034 -1.28171 -1.39707 -1.43141 -1.33311 -1.43135 -1.43196 -1.33237 -1.38875 -1.47429 -1.21625 -1.40051 -1.11832 -1.54981 -1.32158 -1.31853 -1.31549 -1.40932 -1.38205 -1.29775 -1.3264 -1.43838 -1.37412 -1.34117 -1.36291 -1.40726 -1.45465 -1.40731 -1.3839 
0 0 0 0 0 0 0 0 0 0 0 0 0 0 0 0 0 0 0 0 0 0 0 0 0 0 0 0 40.8971 1.05029 2.27295 -1.41216 1.15512 1.2512 1.1523 1.31159 1.23578 1.347 1.38012 1.28534 1.38005 1.38064 1.28462 1.33898 1.42145 1.17267 1.35032 1.07825 1.49427 1.27422 1.27128 1.26835 1.35882 1.33252 1.25125 1.27886 1.38684 1.32488 1.29311 1.31406 1.35683 1.40252 1.35688 1.3343 
0 0 0 0 0 0 0 0 0 0 0 0 0 0 0 0 0 0 0 0 0 0 0 0 0 0 0 0 0 -36.9391 1.11288 -1.62255 -1.48517 -1.6087 -1.48155 -1.68635 -1.58888 -1.73188 -1.77446 -1.6526 -1.77438 -1.77513 -1.65167 -1.72157 -1.82761 -1.50773 -1.73615 -1.38633 -1.92122 -1.6383 -1.63452 -1.63076 -1.74707 -1.71327 -1.60877 -1.64427 -1.7831 -1.70343 -1.66259 -1.68953 -1.74452 -1.80327 -1.74458 -1.71555 
0 0 0 0 0 0 0 0 0 0 0 0 0 0 0 0 0 0 0 0 0 0 0 0 0 0 0 0 0 0 -37.6043 -1.23534 -1.01309 -1.09735 -1.01062 -1.15032 -1.08383 -1.18138 -1.21042 -1.1273 -1.21037 -1.21088 -1.12667 -1.17434 -1.24668 -1.02848 -1.18429 -0.945669 -1.31054 -1.11755 -1.11497 -1.1124 -1.19174 -1.16868 -1.0974 -1.12162 -1.21632 -1.16197 -1.13411 -1.15249 -1.19 -1.23007 -1.19004 -1.17024 
0 0 0 0 0 0 0 0 0 0 0 0 0 0 0 0 0 0 0 0 0 0 0 0 0 0 0 0 0 0 0 -36.4292 -0.83857 -0.908317 -0.836522 -0.952158 -0.897123 -0.977868 -1.00191 -0.933102 -1.00186 -1.00229 -0.932579 -0.972043 -1.03192 -0.851307 -0.980275 -0.782761 -1.08478 -0.92503 -0.922894 -0.92077 -0.986443 -0.967357 -0.908353 -0.928402 -1.00679 -0.961805 -0.938744 -0.953956 -0.985004 -1.01817 -0.985035 -0.968648 
0 0 0 0 0 0 0 0 0 0 0 0 0 0 0 0 0 0 0 0 0 0 0 0 0 0 0 0 0 0 0 0 -39.0719 -1.13405 4.41882 -0.581328 -1.60688 0.204405 1.70018 -2.22854 -0.816127 -4.09674 -0.430876 8.50211 -2.64805 -3.95021 1.51667 -0.848848 -7.98498 -3.10043 5.37365 -8.03932 -1.74793 2.84308 2.04636 2.31665 -2.39924 8.10196 -0.747076 -3.12836 -3.63343 -2.93078 1.20638 2.44317 
0 0 0 0 0 0 0 0 0 0 0 0 0 0 0 0 0 0 0 0 0 0 0 0 0 0 0 0 0 0 0 0 0 42.9548 -5.48964 5.61619 -0.765084 0.586853 -0.0378865 0.488051 -1.569 -1.67538 -2.99253 -3.0645 5.25394 0.607767 -3.85372 -2.1362 3.91262 9.08152 -1.0861 7.59092 -3.40052 -2.60506 4.0088 6.35198 -2.17912 7.66453 -4.48559 -2.50807 -1.09509 -0.831298 -1.70981 0.356107 
0 0 0 0 0 0 0 0 0 0 0 0 0 0 0 0 0 0 0 0 0 0 0 0 0 0 0 0 0 0 0 0 0 0 -37.3503 1.14407 -4.06731 -1.6575 -3.31667 -1.69103 -2.6898 -3.10584 1.17177 1.40377 -8.81131 4.7713 3.9869 -0.632722 -4.39889 3.80669 -1.33494 2.86513 4.27536 -5.69322 3.31025 3.00953 -2.7033 -0.129117 -6.68224 1.62384 5.74608 -2.36471 -5.69371 1.62238 
0 0 0 0 0 0 0 0 0 0 0 0 0 0 0 0 0 0 0 0 0 0 0 0 0 0 0 0 0 0 0 0 0 0 0 38.6997 2.68227 -1.67528 -0.923431 0.245734 2.68767 2.58874 4.88565 0.0331976 -5.22377 -6.21008 4.43926 -10.406 -0.469957 4.23184 3.466 1.99241 -0.288488 0.225785 -1.2637 2.02162 0.194624 -2.39925 -7.89101 3.78414 -1.90169 -4.363 3.1196 5.14695 
0 0 0 0 0 0 0 0 0 0 0 0 0 0 0 0 0 0 0 0 0 0 0 0 0 0 0 0 0 0 0 0 0 0 0 0 42.1103 -4.48934 5.36035 -1.94678 -0.341501 7.14067 1.0461 1.49867 -1.32855 2.19839 1.73461 -1.53 -3.77952 -3.87265 6.24253 2.78538 -2.06454 2.46502 -2.8479 2.99689 3.87888 -0.022908 -0.851494 -1.4437 -1.65276 1.70406 -4.28055 -2.18134 
0 0 0 0 0 0 0 0 0 0 0 0 0 0 0 0 0 0 0 0 0 0 0 0 0 0 0 0 0 0 0 0 0 0 0 0 0 39.8959 2.53295 1.06862 -1.22785 2.87265 1.86516 -0.624858 -6.0489 4.36187 3.01688 -1.48921 2.34573 -2.55885 -2.4395 0.969059 3.03696 -2.3651 6.94947 2.80178 -3.59555 -0.931467 -1.71744 10.2845 7.4178 5.22255 -0.799754 -2.62045 
0 0 0 0 0 0 0 0 0 0 0 0 0 0 0 0 0 0 0 0 0 0 0 0 0 0 0 0 0 0 0 0 0 0 0 0 0 0 -40.2196 -1.73812 4.67099 -8.85886 -1.38272 4.02252 3.55041 4.0456 -13.0012 -4.34357 -6.64627 -2.29972 -1.11778 3.33161 -7.40638 2.50975 -12.5501 -2.88866 -3.49102 -0.250787 -4.97335 -1.67402 -3.89385 -3.9208 -3.27629 2.39342 
0 0 0 0 0 0 0 0 0 0 0 0 0 0 0 0 0 0 0 0 0 0 0 0 0 0 0 0 0 0 0 0 0 0 0 0 0 0 0 -41.1317 -3.79238 5.72272 2.23957 -1.47019 -1.09304 -3.81982 -2.79128 -6.69384 0.328538 -0.495097 -2.4133 -0.9939 -2.63459 0.819213 -3.01394 -5.87891 -5.48984 -3.74223 -1.38879 1.30704 5.28957 6.08478 -0.708433 -7.81833 
0 0 0 0 0 0 0 0 0 0 0 0 0 0 0 0 0 0 0 0 0 0 0 0 0 0 0 0 0 0 0 0 0 0 0 0 0 0 0 0 40.9484 0.309971 1.98694 5.00177 6.6289 5.82889 0.880859 6.12047 2.63749 1.35013 -7.45886 7.08453 0.999052 -0.181263 -4.36505 -2.03904 -3.39405 9.02687 -0.393672 -0.147249 8.14495 0.979894 1.17932 3.76644 
0 0 0 0 0 0 0 0 0 0 0 0 0 0 0 0 0 0 0 0 0 0 0 0 0 0 0 0 0 0 0 0 0 0 0 0 0 0 0 0 0 39.3116 -1.79598 -1.69622 4.87998 -3.67398 1.59665 2.40633 -1.06247 8.50027 -1.10618 -1.63414 5.12854 -1.38994 4.0414 2.90392 -3.44159 -1.2685 7.8535 3.78391 1.86489 4.96173 -0.505992 1.71174 
0 0 0 0 0 0 0 0 0 0 0 0 0 0 0 0 0 0 0 0 0 0 0 0 0 0 0 0 0 0 0 0 0 0 0 0 0 0 0 0 0 0 -40.376 -6.74121 1.54509 -6.12381 5.07457 3.31218 -3.86048 2.7549 -6.01072 -1.53671 4.0437 -3.93042 -7.4283 -8.08216 -0.34669 -2.35919 -6.18575 -4.01728 -6.55156 -2.99111 -6.32249 -1.34971 
0 0 0 0 0 0 0 0 0 0 0 0 0 0 0 0 0 0 0 0 0 0 0 0 0 0 0 0 0 0 0 0 0 0 0 0 0 0 0 0 0 0 0 38.6818 2.15241 -3.63538 -2.79513 5.54868 -3.84299 -0.251776 6.18406 -5.38489 3.97183 12.2461 1.43376 -3.67036 6.75886 1.71055 -4.76603 1.78841 1.87532 -1.56913 0.061627 4.73671 
0 0 0 0 0 0 0 0 0 0 0 0 0 0 0 0 0 0 0 0 0 0 0 0 0 0 0 0 0 0 0 0 0 0 0 0 0 0 0 0 0 0 0 0 -41.3842 3.44753 -0.695508 1.59346 2.23369 -5.18311 -3.2736 2.5465 -5.4205 2.99955 5.0147 0.870245 -2.01308 -0.44974 2.3262 -0.854961 -0.813812 0.801114 -3.59596 -6.57567 
0 0 0 0 0 0 0 0 0 0 0 0 0 0 0 0 0 0 0 0 0 0 0 0 0 0 0 0 0 0 0 0 0 0 0 0 0 0 0 0 0 0 0 0 0 36.6845 -5.72696 -1.88718 3.48844 6.09648 -1.06959 2.7083 5.64098 0.312219 8.63064 -0.031034 3.18703 -0.131185 0.978448 -0.454691 5.20532 -1.85663 -1.83434 -0.917123 
0 0 0 0 0 0 0 0 0 0 0 0 0 0 0 0 0 0 0 0 0 0 0 0 0 0 0 0 0 0 0 0 0 0 0 0 0 0 0 0 0 0 0 0 0 0 37.5553 1.3337 -2.28774 2.81138 -0.856976 1.17811 0.195556 -4.87641 -5.28771 -0.237771 -1.27491 -4.79188 -1.55127 -0.642967 0.905773 5.66363 0.985076 -0.699237 
0 0 0 0 0 0 0 0 0 0 0 0 0 0 0 0 0 0 0 0 0 0 0 0 0 0 0 0 0 0 0 0 0 0 0 0 0 0 0 0 0 0 0 0 0 0 0 -35.5297 -10.119 -7.33074 -10.0627 0.625637 4.63687 -1.33346 -4.25803 -2.16713 -2.58082 4.1923 -3.96623 -2.0572 9.31262 -5.28382 -1.43852 -4.02061 
0 0 0 0 0 0 0 0 0 0 0 0 0 0 0 0 0 0 0 0 0 0 0 0 0 0 0 0 0 0 0 0 0 0 0 0 0 0 0 0 0 0 0 0 0 0 0 0 -35.4818 3.44082 -1.93413 5.24722 3.05621 -1.95893 8.57601 -3.95905 8.9607 -0.0833537 1.25016 4.00044 5.29344 -2.16875 -4.75657 -3.41354 
0 0 0 0 0 0 0 0 0 0 0 0 0 0 0 0 0 0 0 0 0 0 0 0 0 0 0 0 0 0 0 0 0 0 0 0 0 0 0 0 0 0 0 0 0 0 0 0 0 -38.5638 -3.66762 -4.8679 -2.25724 -5.20951 4.01356 -5.80155 5.58227 -7.61812 4.44662 -3.5351 -0.453225 -5.83125 1.34661 -5.56938 
0 0 0 0 0 0 0 0 0 0 0 0 0 0 0 0 0 0 0 0 0 0 0 0 0 0 0 0 0 0 0 0 0 0 0 0 0 0 0 0 0 0 0 0 0 0 0 0 0 0 36.7705 -8.72191 0.0322469 2.77527 6.47447 8.23434 0.277247 0.426186 -5.50829 -6.88774 0.277511 5.73785 -6.72801 -3.5368 
0 0 0 0 0 0 0 0 0 0 0 0 0 0 0 0 0 0 0 0 0 0 0 0 0 0 0 0 0 0 0 0 0 0 0 0 0 0 0 0 0 0 0 0 0 0 0 0 0 0 0 36.5523 8.5048 2.6348 0.922427 -8.3044 1.09757 0.544532 3.03801 -4.01452 2.32432 -1.49343 -2.28624 4.79281 
0 0 0 0 0 0 0 0 0 0 0 0 0 0 0 0 0 0 0 0 0 0 0 0 0 0 0 0 0 0 0 0 0 0 0 0 0 0 0 0 0 0 0 0 0 0 0 0 0 0 0 0 34.2325 -2.73069 3.69179 3.66889 -2.83987 0.323806 -5.44983 3.7307 -4.85481 -1.56649 9.71081 -5.65659 
0 0 0 0 0 0 0 0 0 0 0 0 0 0 0 0 0 0 0 0 0 0 0 0 0 0 0 0 0 0 0 0 0 0 0 0 0 0 0 0 0 0 0 0 0 0 0 0 0 0 0 0 0 -34.5643 1.4912 0.301976 0.0239828 3.8373 4.05855 1.03159 3.6891 0.223299 4.22748 -5.31793 
0 0 0 0 0 0 0 0 0 0 0 0 0 0 0 0 0 0 0 0 0 0 0 0 0 0 0 0 0 0 0 0 0 0 0 0 0 0 0 0 0 0 0 0 0 0 0 0 0 0 0 0 0 0 32.2301 2.24071 -2.94496 0.574316 8.18171 5.76261 -2.75987 2.4856 -10.0355 -11.8618 
0 0 0 0 0 0 0 0 0 0 0 0 0 0 0 0 0 0 0 0 0 0 0 0 0 0 0 0 0 0 0 0 0 0 0 0 0 0 0 0 0 0 0 0 0 0 0 0 0 0 0 0 0 0 0 -32.9091 0.971621 0.0611107 -3.9158 -1.00071 0.706059 -0.611977 -4.01178 -2.47137 
0 0 0 0 0 0 0 0 0 0 0 0 0 0 0 0 0 0 0 0 0 0 0 0 0 0 0 0 0 0 0 0 0 0 0 0 0 0 0 0 0 0 0 0 0 0 0 0 0 0 0 0 0 0 0 0 -36.8597 -0.229814 -10.5585 -7.54187 0.607603 -4.31136 -4.9823 -7.99525 
0 0 0 0 0 0 0 0 0 0 0 0 0 0 0 0 0 0 0 0 0 0 0 0 0 0 0 0 0 0 0 0 0 0 0 0 0 0 0 0 0 0 0 0 0 0 0 0 0 0 0 0 0 0 0 0 0 34.5779 -1.59254 2.92412 -0.947747 7.71367 0.803857 -0.499369 
0 0 0 0 0 0 0 0 0 0 0 0 0 0 0 0 0 0 0 0 0 0 0 0 0 0 0 0 0 0 0 0 0 0 0 0 0 0 0 0 0 0 0 0 0 0 0 0 0 0 0 0 0 0 0 0 0 0 -34.5144 -5.97871 -5.60325 -4.36031 -1.05392 -1.87368 
0 0 0 0 0 0 0 0 0 0 0 0 0 0 0 0 0 0 0 0 0 0 0 0 0 0 0 0 0 0 0 0 0 0 0 0 0 0 0 0 0 0 0 0 0 0 0 0 0 0 0 0 0 0 0 0 0 0 0 33.1575 9.10739 0.0733054 -1.56099 -4.97712 
0 0 0 0 0 0 0 0 0 0 0 0 0 0 0 0 0 0 0 0 0 0 0 0 0 0 0 0 0 0 0 0 0 0 0 0 0 0 0 0 0 0 0 0 0 0 0 0 0 0 0 0 0 0 0 0 0 0 0 0 -32.0394 -5.01509 -2.32851 0.991693 
0 0 0 0 0 0 0 0 0 0 0 0 0 0 0 0 0 0 0 0 0 0 0 0 0 0 0 0 0 0 0 0 0 0 0 0 0 0 0 0 0 0 0 0 0 0 0 0 0 0 0 0 0 0 0 0 0 0 0 0 0 34.3345 -0.16695 -2.12757 
0 0 0 0 0 0 0 0 0 0 0 0 0 0 0 0 0 0 0 0 0 0 0 0 0 0 0 0 0 0 0 0 0 0 0 0 0 0 0 0 0 0 0 0 0 0 0 0 0 0 0 0 0 0 0 0 0 0 0 0 0 0 -34.7094 -3.16814 
0 0 0 0 0 0 0 0 0 0 0 0 0 0 0 0 0 0 0 0 0 0 0 0 0 0 0 0 0 0 0 0 0 0 0 0 0 0 0 0 0 0 0 0 0 0 0 0 0 0 0 0 0 0 0 0 0 0 0 0 0 0 0 -28.9942 
