-166.395 -128.337 -126.215 -120.582 -125.401 -129.522 -124.859 -120.773 -125.09 -129.928 -119.873 -132.089 -123.844 -125.408 -124.243 -120.982 -125.183 -129.161 -126.596 -124.257 -125.617 -121.176 -130.209 -117.285 -124.104 -143.63 -134.239 -126.181 -132.367 -131.642 -127.32 -115.981 -115.295 -124.245 -127.466 -118.905 -125.662 -123.611 -125.917 -129.034 -125.016 -119.03 -125.302 -119.647 -128.614 -125.166 -127.118 -125.063 -125.131 -122.28 -125.651 -121.072 -127.597 -121.372 -122.255 -125.759 -125.481 -126.816 -124.27 -121.557 -116.701 -123.272 -119.921 -130.94 
0 -104.567 -38.3457 -47.1998 -51.0025 -34.3637 -40.6163 -45.6086 -41.5768 -46.7824 -48.8107 -41.714 -36.6232 -40.8264 -50.6637 -39.0507 -38.216 -36.9258 -52.4315 -53.3743 -40.5664 -37.4166 -40.2432 -38.4069 -41.5678 -48.8555 -46.1836 -41.3623 -45.9252 -39.6145 -45.7819 -40.3193 -40.8526 -44.0236 -45.1649 -42.1316 -44.5259 -43.7989 -44.6163 -45.7205 -44.2968 -42.1758 -44.3984 -42.3944 -45.5716 -44.3501 -45.0418 -44.3135 -44.3377 -43.3275 -44.522 -42.8993 -45.2115 -43.0058 -43.3186 -44.5602 -44.4617 -44.9346 -44.0326 -43.0715 -41.3507 -43.6791 -42.4917 -46.3961 
0 0 95.0771 32.6087 28.5445 23.3129 32.512 18.2775 18.2085 24.8709 30.6651 37.6168 35.9858 20.2554 41.4561 21.1789 28.7165 20.4531 28.0889 30.9309 26.5783 34.6623 36.1176 33.7059 26.0536 28.0549 23.4873 26.837 19.8547 35.6804 32.4581 30.4582 26.8958 28.9835 29.7349 27.7379 29.3142 28.8356 29.3737 30.1007 29.1633 27.767 29.2303 27.9109 30.0027 29.1984 29.6538 29.1744 29.1903 28.5252 29.3116 28.2433 29.7656 28.3134 28.5194 29.3368 29.2719 29.5833 28.9894 28.3566 27.2238 28.7567 27.975 30.5454 
0 0 0 -98.318 -18.0287 -9.43011 -18.0749 -28.7628 -28.7972 -26.1342 -24.188 -24.434 -11.2965 -18.9548 -35.8532 -28.4272 -24.5062 -24.2897 -17.2965 -20.0664 -21.7978 -18.7423 -12.3485 -24.018 -24.8698 -27.3433 -18.5916 -29.848 -19.7285 -23.2624 -20.1281 -28.0895 -21.6737 -23.3561 -23.9616 -22.3523 -23.6226 -23.2369 -23.6705 -24.2564 -23.501 -22.3757 -23.5549 -22.4917 -24.1774 -23.5293 -23.8962 -23.5099 -23.5227 -22.9867 -23.6205 -22.7596 -23.9863 -22.8161 -22.9821 -23.6407 -23.5885 -23.8394 -23.3609 -22.8509 -21.938 -23.1733 -22.5433 -24.6147 
0 0 0 0 86.7081 11.4173 20.8767 16.7588 16.0437 13.3003 23.6704 9.13664 9.34517 25.9861 17.0695 19.5452 4.47317 17.7256 16.8998 20.2963 15.7859 8.98577 7.33177 22.1013 19.5463 13.1752 20.2927 0.911257 12.3107 15.8792 4.688 15.0245 14.3628 15.4776 15.8789 14.8124 15.6542 15.3986 15.686 16.0742 15.5736 14.828 15.6094 14.9048 16.0219 15.5924 15.8356 15.5795 15.588 15.2329 15.6528 15.0823 15.8953 15.1198 15.2298 15.6663 15.6316 15.7979 15.4808 15.1429 14.5379 15.3565 14.939 16.3117 
0 0 0 0 0 -89.7606 -12.874 -19.4653 -8.66945 -7.435 -18.5213 -13.7888 -19.8969 -19.9871 -16.1451 -10.0023 -11.3318 -20.2182 -10.5411 -22.3482 -7.7247 -20.6102 -10.8945 -12.7702 -14.4077 -12.1963 -10.5463 -10.1188 -13.5604 -12.0425 -17.1776 -16.2798 -12.8765 -13.876 -14.2357 -13.2797 -14.0343 -13.8052 -14.0628 -14.4109 -13.9621 -13.2936 -13.9941 -13.3625 -14.3639 -13.9789 -14.1969 -13.9674 -13.975 -13.6566 -14.0331 -13.5216 -14.2504 -13.5552 -13.6538 -14.0451 -14.0141 -14.1631 -13.8788 -13.5759 -13.0335 -13.7674 -13.3932 -14.6238 
0 0 0 0 0 0 -86.3397 -14.1781 -9.56795 -5.28179 -9.52898 -9.57763 -8.0792 -13.2732 -1.7842 -5.62258 -3.77943 -15.5549 -11.704 -17.5157 -12.3515 -12.52 -2.10621 -1.36363 -16.2497 -7.31302 -16.7335 -10.7645 -10.1546 -5.55129 -19.3436 -1.38003 -9.45792 -10.192 -10.4563 -9.75403 -10.3083 -10.14 -10.3293 -10.5849 -10.2553 -9.76425 -10.2788 -9.81486 -10.5504 -10.2676 -10.4278 -10.2592 -10.2648 -10.0309 -10.3074 -9.93175 -10.4671 -9.95641 -10.0288 -10.3163 -10.2935 -10.4029 -10.1941 -9.97161 -9.57324 -10.1123 -9.83739 -10.7413 
0 0 0 0 0 0 0 83.7826 8.65382 3.14125 19.5961 0.767417 12.0969 22.1036 15.3695 1.74866 16.6421 9.22868 -1.57797 2.19978 16.498 2.67182 -1.03968 3.99873 19.7424 9.19958 1.76786 12.1698 12.2252 -0.610887 14.9485 -3.38219 6.9731 7.51435 7.70916 7.19141 7.60009 7.476 7.61551 7.804 7.56098 7.19895 7.57833 7.23626 7.77858 7.57008 7.68814 7.56384 7.56796 7.39553 7.59943 7.32245 7.71712 7.34063 7.39402 7.60594 7.58913 7.66985 7.51589 7.35183 7.05812 7.45555 7.25287 7.91931 
0 0 0 0 0 0 0 0 88.5541 2.33591 8.14406 16.6035 13.2822 12.9873 7.6858 12.7894 18.7349 19.718 13.4878 19.3068 10.6641 7.53272 12.2525 14.9885 20.124 23.0652 11.2544 10.0479 7.68102 13.1321 4.00671 13.3855 10.2287 11.0227 11.3085 10.549 11.1485 10.9665 11.1711 11.4476 11.0911 10.5601 11.1166 10.6148 11.4103 11.1045 11.2776 11.0953 11.1013 10.8484 11.1475 10.7412 11.3202 10.7679 10.8462 11.1571 11.1324 11.2508 11.025 10.7843 10.3535 10.9365 10.6392 11.6167 
0 0 0 0 0 0 0 0 0 -85.1863 -19.3026 -12.3189 -1.75853 -8.39671 -1.2656 -8.5532 -11.6732 -4.31817 -2.79764 -7.67789 -8.83156 -14.0999 -19.4086 -6.66823 -6.81821 -14.9815 -8.11647 -6.52644 -4.41703 -3.13414 -14.9886 -5.6092 -6.9301 -7.46802 -7.66163 -7.14707 -7.55323 -7.42991 -7.56856 -7.75588 -7.51436 -7.15456 -7.5316 -7.19164 -7.73062 -7.5234 -7.64074 -7.5172 -7.5213 -7.34993 -7.55257 -7.2773 -7.66954 -7.29536 -7.34843 -7.55904 -7.54234 -7.62255 -7.46955 -7.3065 -7.0146 -7.40958 -7.20815 -7.87048 
0 0 0 0 0 0 0 0 0 0 76.6115 2.42772 6.0736 -7.80134 5.03617 -1.19694 -0.125186 12.433 6.62863 9.88702 4.771 14.8284 4.16246 -0.663372 11.7521 4.35548 -2.20314 3.78415 2.38286 2.4473 10.0379 -0.226247 3.74838 4.03934 4.14406 3.86574 4.08542 4.01872 4.09372 4.19504 4.0644 3.86979 4.07373 3.88985 4.18137 4.06929 4.13276 4.06594 4.06815 3.97546 4.08507 3.93618 4.14834 3.94595 3.97465 4.08857 4.07953 4.12292 4.04016 3.95197 3.79409 4.00773 3.89878 4.25702 
0 0 0 0 0 0 0 0 0 0 0 86.324 8.92809 12.0229 -1.97458 19.0002 16.9462 15.2624 5.24771 12.081 20.5594 6.71954 7.89143 13.6992 16.3914 14.0762 8.32657 13.5519 21.0071 13.5485 16.5941 19.238 9.7248 10.4797 10.7513 10.0293 10.5992 10.4262 10.6207 10.8836 10.5447 10.0398 10.5689 10.0918 10.8482 10.5574 10.722 10.5487 10.5544 10.3139 10.5983 10.212 10.7624 10.2374 10.3118 10.6074 10.5839 10.6965 10.4818 10.253 9.84338 10.3976 10.115 11.0444 
0 0 0 0 0 0 0 0 0 0 0 0 83.0672 9.74882 4.72016 2.52815 7.3951 13.4635 6.4522 7.80323 10.0529 13.2804 14.7505 9.80684 4.36994 6.14065 -0.615835 -7.89866 13.1299 16.4722 14.6735 8.13657 6.98689 7.52922 7.72441 7.20564 7.61512 7.49079 7.63058 7.81944 7.57594 7.21319 7.59332 7.25058 7.79397 7.58505 7.70335 7.5788 7.58293 7.41016 7.61446 7.33693 7.73239 7.35515 7.40865 7.62099 7.60414 7.68502 7.53076 7.36638 7.07208 7.4703 7.26722 7.93497 
0 0 0 0 0 0 0 0 0 0 0 0 0 82.1388 -2.5798 1.65225 6.25484 9.50217 10.125 7.67976 5.77653 4.42094 8.44335 -3.18583 -3.90833 10.627 -0.0257174 6.25783 2.28544 3.31651 7.11813 17.4442 2.71208 2.92259 2.99836 2.79699 2.95594 2.90768 2.96194 3.03525 2.94073 2.79992 2.94748 2.81443 3.02536 2.94427 2.99019 2.94184 2.94344 2.87638 2.95568 2.84795 3.00146 2.85502 2.87579 2.95822 2.95168 2.98307 2.92319 2.85938 2.74515 2.89972 2.8209 3.08009 
0 0 0 0 0 0 0 0 0 0 0 0 0 0 -82.9054 -4.4837 -7.16694 -1.33609 -8.82535 -10.8452 -5.16912 -7.78883 -0.235053 -3.15366 -5.80689 -11.2259 2.08011 -12.2792 -10.7929 1.22517 -2.04606 -5.35418 -7.00314 -7.54673 -7.74238 -7.2224 -7.63284 -7.50822 -7.64833 -7.83763 -7.59356 -7.22997 -7.61099 -7.26744 -7.8121 -7.6027 -7.72127 -7.59643 -7.60057 -7.4274 -7.63217 -7.354 -7.75038 -7.37226 -7.42588 -7.63872 -7.62183 -7.7029 -7.54828 -7.38351 -7.08853 -7.48768 -7.28413 -7.95343 
0 0 0 0 0 0 0 0 0 0 0 0 0 0 0 -81.5766 -9.01891 -5.49034 1.05231 -7.99589 -0.404977 0.214558 -3.63602 -3.62884 -4.87474 -7.02945 -2.37934 -5.56519 5.2649 0.4902 -8.40181 -6.5665 -4.36277 -4.70141 -4.82329 -4.49936 -4.75505 -4.67741 -4.7647 -4.88263 -4.73058 -4.50408 -4.74144 -4.52742 -4.86673 -4.73627 -4.81014 -4.73237 -4.73495 -4.62707 -4.75464 -4.58134 -4.82827 -4.59271 -4.62612 -4.75871 -4.74819 -4.79869 -4.70237 -4.59973 -4.41596 -4.66462 -4.53781 -4.95477 
0 0 0 0 0 0 0 0 0 0 0 0 0 0 0 0 83.1406 3.12667 7.19366 3.623 9.44913 2.57231 -2.68689 10.1426 6.82199 2.26719 8.94836 1.91016 7.3715 0.191482 -4.79811 3.25378 2.7285 2.94029 3.01651 2.81392 2.97383 2.92528 2.97987 3.05362 2.95853 2.81687 2.96532 2.83147 3.04368 2.96209 3.00829 2.95965 2.96126 2.89379 2.97357 2.86519 3.01963 2.87231 2.8932 2.97612 2.96954 3.00113 2.94089 2.87669 2.76177 2.91728 2.83797 3.09874 
0 0 0 0 0 0 0 0 0 0 0 0 0 0 0 0 0 81.0837 5.09166 -0.110028 -2.03206 -3.69269 12.0655 0.432051 14.528 0.753644 3.30222 0.861667 1.97876 5.81605 3.22452 -0.21159 3.81367 4.10969 4.21624 3.93308 4.15658 4.08872 4.16502 4.26811 4.13519 3.9372 4.14468 3.9576 4.25421 4.14017 4.20474 4.13676 4.13901 4.04471 4.15622 4.00474 4.22059 4.01468 4.04388 4.15979 4.15059 4.19474 4.11054 4.02081 3.86017 4.07754 3.96669 4.33117 
0 0 0 0 0 0 0 0 0 0 0 0 0 0 0 0 0 0 -83.5852 -3.07378 -14.9817 -6.83899 2.46736 -4.71644 0.58567 -10.8936 3.64428 -6.29431 -14.9492 -17.6009 -7.84495 -5.90597 -4.6062 -4.96373 -5.09242 -4.75041 -5.02037 -4.9384 -5.03056 -5.15507 -4.99453 -4.75539 -5.006 -4.78003 -5.13828 -5.00054 -5.07853 -4.99642 -4.99914 -4.88524 -5.01993 -4.83697 -5.09768 -4.84897 -4.88425 -5.02423 -5.01313 -5.06645 -4.96475 -4.85638 -4.66236 -4.92489 -4.79101 -5.23123 
0 0 0 0 0 0 0 0 0 0 0 0 0 0 0 0 0 0 0 -77.1548 -4.09005 -0.779969 -1.5841 5.38218 -0.446257 -9.75353 -17.6977 -8.06909 1.16233 -7.00253 3.20466 -2.18019 -3.72546 -4.01464 -4.11871 -3.8421 -4.06044 -3.99415 -4.06868 -4.16938 -4.03955 -3.84613 -4.04882 -3.86606 -4.1558 -4.04441 -4.10749 -4.04107 -4.04328 -3.95115 -4.06009 -3.91211 -4.12297 -3.92182 -3.95035 -4.06357 -4.05459 -4.09771 -4.01546 -3.92781 -3.77089 -3.98322 -3.87494 -4.23099 
0 0 0 0 0 0 0 0 0 0 0 0 0 0 0 0 0 0 0 0 78.395 3.0267 0.501124 8.88018 8.65987 -5.60754 7.73353 3.71903 2.49145 -3.30736 8.64261 4.32037 3.49631 3.7677 3.86537 3.60577 3.81068 3.74847 3.81842 3.91293 3.79107 3.60955 3.79977 3.62826 3.90018 3.79564 3.85483 3.79251 3.79457 3.70812 3.81035 3.67147 3.86936 3.68059 3.70736 3.81362 3.80519 3.84566 3.76847 3.68621 3.53894 3.73821 3.63659 3.97074 
0 0 0 0 0 0 0 0 0 0 0 0 0 0 0 0 0 0 0 0 0 -80.4431 -9.9379 7.87252 -7.53433 -7.74495 -4.65794 -5.62441 0.236677 5.14873 0.0745786 -0.752327 -1.77523 -1.91302 -1.96262 -1.83081 -1.93485 -1.90326 -1.93877 -1.98676 -1.92489 -1.83273 -1.92931 -1.84222 -1.98029 -1.92721 -1.95726 -1.92562 -1.92667 -1.88277 -1.93468 -1.86416 -1.96464 -1.86879 -1.88239 -1.93634 -1.93206 -1.95261 -1.91341 -1.87165 -1.79687 -1.89805 -1.84645 -2.01611 
0 0 0 0 0 0 0 0 0 0 0 0 0 0 0 0 0 0 0 0 0 0 77.3823 6.76909 -6.00531 10.3802 9.58126 -0.0780452 2.68282 0.874116 4.44314 0.383612 3.4537 3.72178 3.81827 3.56183 3.76424 3.70279 3.77188 3.86524 3.74487 3.56557 3.75347 3.58404 3.85265 3.74938 3.80786 3.74629 3.74833 3.66293 3.76392 3.62673 3.82221 3.63573 3.66218 3.76714 3.75882 3.79879 3.72254 3.64129 3.49581 3.69266 3.59227 3.92235 
0 0 0 0 0 0 0 0 0 0 0 0 0 0 0 0 0 0 0 0 0 0 0 80.3739 -4.36106 12.5366 5.25362 -6.5688 7.23276 -1.28222 5.54973 0.384734 1.42765 1.53847 1.57835 1.47235 1.55602 1.53062 1.55918 1.59777 1.54802 1.4739 1.55157 1.48153 1.59257 1.54988 1.57405 1.5486 1.54944 1.51414 1.55589 1.49918 1.57998 1.5029 1.51383 1.55722 1.55378 1.5703 1.53878 1.5052 1.44506 1.52643 1.48494 1.62138 
0 0 0 0 0 0 0 0 0 0 0 0 0 0 0 0 0 0 0 0 0 0 0 0 80.0784 12.3208 -3.09368 5.4203 -4.40833 5.19089 9.30333 -2.01967 2.36834 2.55217 2.61834 2.44249 2.58129 2.53915 2.58653 2.65055 2.56801 2.44505 2.5739 2.45772 2.64192 2.5711 2.6112 2.56898 2.57038 2.51182 2.58107 2.48699 2.62104 2.49317 2.5113 2.58328 2.57757 2.60498 2.55269 2.49697 2.39722 2.5322 2.46336 2.68971 
0 0 0 0 0 0 0 0 0 0 0 0 0 0 0 0 0 0 0 0 0 0 0 0 0 -76.4234 -5.28981 1.76622 -0.352452 1.70551 4.80524 -1.59971 -1.19722 -1.29015 -1.32359 -1.2347 -1.30486 -1.28356 -1.30751 -1.33988 -1.29815 -1.23599 -1.30113 -1.2424 -1.33551 -1.29971 -1.31998 -1.29864 -1.29935 -1.26974 -1.30475 -1.2572 -1.32496 -1.26032 -1.26949 -1.30587 -1.30298 -1.31684 -1.29041 -1.26224 -1.21181 -1.28005 -1.24525 -1.35967 
0 0 0 0 0 0 0 0 0 0 0 0 0 0 0 0 0 0 0 0 0 0 0 0 0 0 -79.2569 -10.1802 -7.46076 -2.64336 -11.1147 -4.92578 -1.23912 -1.3353 -1.36992 -1.27792 -1.35054 -1.32849 -1.35328 -1.38677 -1.34359 -1.27926 -1.34667 -1.28589 -1.38226 -1.34521 -1.36619 -1.3441 -1.34483 -1.31419 -1.35042 -1.3012 -1.37134 -1.30443 -1.31392 -1.35158 -1.34859 -1.36293 -1.33558 -1.30642 -1.25423 -1.32485 -1.28884 -1.40726 
0 0 0 0 0 0 0 0 0 0 0 0 0 0 0 0 0 0 0 0 0 0 0 0 0 0 0 80.3644 -1.85158 1.18736 5.53235 0.849545 2.52561 2.72165 2.79221 2.60468 2.7527 2.70776 2.75829 2.82656 2.73854 2.60741 2.74482 2.62093 2.81735 2.74183 2.7846 2.73957 2.74107 2.67861 2.75246 2.65214 2.79509 2.65873 2.67807 2.75482 2.74873 2.77797 2.72221 2.66279 2.55641 2.70035 2.62694 2.86832 
0 0 0 0 0 0 0 0 0 0 0 0 0 0 0 0 0 0 0 0 0 0 0 0 0 0 0 0 -81.7942 -2.10058 -4.5459 2.82432 -2.4351 -2.62412 -2.69215 -2.51134 -2.65406 -2.61073 -2.65945 -2.72527 -2.6404 -2.51398 -2.64646 -2.527 -2.71639 -2.64358 -2.68481 -2.6414 -2.64284 -2.58262 -2.65383 -2.5571 -2.69493 -2.56345 -2.5821 -2.6561 -2.65023 -2.67842 -2.62466 -2.56736 -2.4648 -2.60358 -2.53281 -2.76553 
0 0 0 0 0 0 0 0 0 0 0 0 0 0 0 0 0 0 0 0 0 0 0 0 0 0 0 0 0 -73.8782 2.22576 -3.2451 -3.13088 -3.37391 -3.46137 -3.22891 -3.4124 -3.35669 -3.41933 -3.50396 -3.39484 -3.23229 -3.40263 -3.24904 -3.49254 -3.39893 -3.45194 -3.39612 -3.39797 -3.32056 -3.4121 -3.28774 -3.46495 -3.2959 -3.31988 -3.41503 -3.40748 -3.44372 -3.3746 -3.30093 -3.16906 -3.3475 -3.2565 -3.55573 
0 0 0 0 0 0 0 0 0 0 0 0 0 0 0 0 0 0 0 0 0 0 0 0 0 0 0 0 0 0 75.2086 2.47069 2.13569 2.30147 2.36113 2.20256 2.32772 2.28972 2.33245 2.39018 2.31575 2.20487 2.32106 2.21629 2.38239 2.31853 2.35469 2.31662 2.31788 2.26507 2.32752 2.24269 2.36357 2.24826 2.26461 2.32952 2.32437 2.34909 2.30194 2.25169 2.16173 2.28346 2.22138 2.42549 
0 0 0 0 0 0 0 0 0 0 0 0 0 0 0 0 0 0 0 0 0 0 0 0 0 0 0 0 0 0 0 72.8585 1.76778 1.905 1.95439 1.82313 1.92673 1.89528 1.93065 1.97843 1.91682 1.82504 1.92122 1.8345 1.97199 1.91913 1.94906 1.91754 1.91859 1.87488 1.92657 1.85635 1.9564 1.86096 1.87449 1.92822 1.92396 1.94442 1.90539 1.8638 1.78934 1.89009 1.83871 2.00766 
0 0 0 0 0 0 0 0 0 0 0 0 0 0 0 0 0 0 0 0 0 0 0 0 0 0 0 0 0 0 0 0 80.0068 2.85013 -0.962783 -6.32729 10.8994 -0.89286 10.1564 6.71053 2.41604 0.954038 7.74199 0.22722 -0.711019 -6.00572 1.85771 2.48974 12.2926 3.00089 6.10029 3.37916 -2.39861 -4.14939 3.90948 7.82663 -7.94646 5.90568 0.980516 4.34485 6.19999 4.09789 -1.79175 1.32127 
0 0 0 0 0 0 0 0 0 0 0 0 0 0 0 0 0 0 0 0 0 0 0 0 0 0 0 0 0 0 0 0 0 82.59 1.92522 11.4611 -2.12243 6.36652 3.5354 6.58366 -4.26545 -0.256121 3.79275 0.80565 -5.52138 2.82238 -6.03178 -4.06534 2.82916 3.4377 -3.52808 0.674779 5.48414 3.91202 5.3176 3.23599 3.01002 -1.52038 -5.431 -0.627472 5.54548 10.4265 0.0421621 5.87438 
0 0 0 0 0 0 0 0 0 0 0 0 0 0 0 0 0 0 0 0 0 0 0 0 0 0 0 0 0 0 0 0 0 0 82.7942 1.70048 5.44891 1.85321 0.399224 13.1621 5.55814 5.86175 1.12457 4.81338 1.31115 3.13751 5.90438 3.67644 -2.03534 11.698 4.89222 3.46289 4.55688 3.21368 3.06041 2.53336 -1.96076 5.26692 -1.56661 0.572534 -1.56272 0.743749 -0.827631 4.07057 
0 0 0 0 0 0 0 0 0 0 0 0 0 0 0 0 0 0 0 0 0 0 0 0 0 0 0 0 0 0 0 0 0 0 0 82.8806 2.42344 0.0848915 1.99597 1.48956 6.31787 2.03434 5.25689 4.25749 -2.25219 1.11538 7.42623 1.98738 3.07238 6.30301 1.52012 -5.73292 1.11545 0.591117 4.29735 -1.3867 2.98687 3.58012 -0.0291281 3.92498 5.13721 4.87686 10.576 -0.29893 
0 0 0 0 0 0 0 0 0 0 0 0 0 0 0 0 0 0 0 0 0 0 0 0 0 0 0 0 0 0 0 0 0 0 0 0 82.5832 -0.137551 -3.92839 -0.532037 2.8568 6.9932 5.48288 3.03775 9.16037 -3.64791 5.00443 7.58116 4.35541 4.80285 -0.910447 1.24025 6.50516 3.77649 -1.25046 -1.11336 -3.00501 5.16432 2.34213 1.5135 2.18755 1.10538 6.92359 -2.31987 
0 0 0 0 0 0 0 0 0 0 0 0 0 0 0 0 0 0 0 0 0 0 0 0 0 0 0 0 0 0 0 0 0 0 0 0 0 78.647 5.20088 -3.94731 4.60454 2.44372 -0.648539 -1.76094 3.00476 2.0682 -4.9596 3.10967 2.92477 2.89423 1.03015 3.58971 7.14756 4.76325 8.09596 6.02987 -5.29564 0.791013 4.18546 5.05958 3.75949 9.85931 1.37197 0.170273 
0 0 0 0 0 0 0 0 0 0 0 0 0 0 0 0 0 0 0 0 0 0 0 0 0 0 0 0 0 0 0 0 0 0 0 0 0 0 -79.9617 -0.439582 -8.14791 1.55914 -4.1086 -8.42149 -2.91603 -7.31452 -4.88741 -3.07506 -5.19478 -3.955 -3.13891 2.54321 -6.49587 -5.56903 -4.94854 -1.846 -6.3693 -7.88867 -8.50858 -0.823896 -0.835679 -1.5348 -6.49872 4.47736 
0 0 0 0 0 0 0 0 0 0 0 0 0 0 0 0 0 0 0 0 0 0 0 0 0 0 0 0 0 0 0 0 0 0 0 0 0 0 0 -77.8714 3.60988 1.8175 -0.793474 0.845425 2.36461 -3.38308 -2.50132 -0.120676 -3.86402 -1.81692 -1.45898 3.22337 -3.3505 -0.201304 -1.0789 -4.13656 -0.185762 -2.12457 6.14138 -2.77867 -0.477884 -5.73452 -3.57319 1.53596 
0 0 0 0 0 0 0 0 0 0 0 0 0 0 0 0 0 0 0 0 0 0 0 0 0 0 0 0 0 0 0 0 0 0 0 0 0 0 0 0 83.1926 -4.64294 -2.0009 0.536318 0.708318 -3.22447 2.06379 3.52968 -4.2237 -1.62844 0.508232 1.76102 2.26186 -2.93005 -0.917319 -0.327069 3.65348 4.20152 5.10271 -3.23398 8.24256 -0.210739 -1.65524 4.53841 
0 0 0 0 0 0 0 0 0 0 0 0 0 0 0 0 0 0 0 0 0 0 0 0 0 0 0 0 0 0 0 0 0 0 0 0 0 0 0 0 0 -79.9238 0.168826 -2.10741 -4.94701 -4.9241 -0.934616 1.26755 -10.1045 6.28141 -4.10721 2.62692 -4.42038 -4.66937 -3.70366 2.82721 -3.31674 2.48688 -4.1656 -1.8488 -2.31183 4.71257 -3.56631 -4.81596 
0 0 0 0 0 0 0 0 0 0 0 0 0 0 0 0 0 0 0 0 0 0 0 0 0 0 0 0 0 0 0 0 0 0 0 0 0 0 0 0 0 0 81.9843 -1.20486 1.39041 4.49971 5.20859 -3.73415 3.41523 5.55519 1.23166 3.40044 3.97154 -0.556066 -0.181247 -6.2149 -0.768265 7.84138 -1.63686 9.00019 -4.14997 2.67294 1.56593 -6.78252 
0 0 0 0 0 0 0 0 0 0 0 0 0 0 0 0 0 0 0 0 0 0 0 0 0 0 0 0 0 0 0 0 0 0 0 0 0 0 0 0 0 0 0 84.5659 0.62971 0.641013 -0.110218 8.70846 -7.91608 -3.05137 5.83471 7.19902 4.64159 2.9553 2.34446 -4.58543 0.260789 5.2063 6.51693 1.62527 -1.84647 -4.43533 6.44592 -0.937296 
0 0 0 0 0 0 0 0 0 0 0 0 0 0 0 0 0 0 0 0 0 0 0 0 0 0 0 0 0 0 0 0 0 0 0 0 0 0 0 0 0 0 0 0 -80.5375 -3.52511 2.29955 -1.36365 -0.771037 -6.72222 2.98242 -0.906404 -4.70294 -2.40279 0.2087 -4.66612 -7.00816 1.42784 -2.40831 -7.07296 -4.67195 -0.396231 -4.01311 -2.98449 
0 0 0 0 0 0 0 0 0 0 0 0 0 0 0 0 0 0 0 0 0 0 0 0 0 0 0 0 0 0 0 0 0 0 0 0 0 0 0 0 0 0 0 0 0 -84.1371 4.7676 -2.92608 -1.66979 -5.61074 2.46503 -7.55526 -8.60342 -1.09615 -9.33197 -0.081515 -6.51171 -2.02151 -5.80863 -7.83276 5.74106 -3.39265 3.09795 -1.15339 
0 0 0 0 0 0 0 0 0 0 0 0 0 0 0 0 0 0 0 0 0 0 0 0 0 0 0 0 0 0 0 0 0 0 0 0 0 0 0 0 0 0 0 0 0 0 77.3561 -2.82886 10.1314 -0.927215 9.06463 2.14314 -4.40419 8.24394 7.73933 0.867439 -2.91737 1.31191 4.55272 0.81937 -6.14278 -5.36395 4.20021 7.12112 
0 0 0 0 0 0 0 0 0 0 0 0 0 0 0 0 0 0 0 0 0 0 0 0 0 0 0 0 0 0 0 0 0 0 0 0 0 0 0 0 0 0 0 0 0 0 0 -79.934 -0.470705 -5.71523 -8.54973 -2.49382 5.52911 -1.29205 4.68794 -4.1445 -4.97168 1.12853 1.47599 0.696793 2.60056 -4.90444 -5.47791 -4.06745 
0 0 0 0 0 0 0 0 0 0 0 0 0 0 0 0 0 0 0 0 0 0 0 0 0 0 0 0 0 0 0 0 0 0 0 0 0 0 0 0 0 0 0 0 0 0 0 0 81.7548 3.73602 4.22993 1.73383 -3.68989 3.68468 1.21817 4.80357 -5.55917 4.14433 6.57764 7.52064 -1.07947 4.24972 6.21074 5.76854 
0 0 0 0 0 0 0 0 0 0 0 0 0 0 0 0 0 0 0 0 0 0 0 0 0 0 0 0 0 0 0 0 0 0 0 0 0 0 0 0 0 0 0 0 0 0 0 0 0 -79.0287 6.79654 -6.02115 -10.7988 -11.2115 0.97055 -9.99863 -5.24917 1.18909 -2.94102 1.47905 -1.98491 -2.95393 -6.42067 0.620292 
0 0 0 0 0 0 0 0 0 0 0 0 0 0 0 0 0 0 0 0 0 0 0 0 0 0 0 0 0 0 0 0 0 0 0 0 0 0 0 0 0 0 0 0 0 0 0 0 0 0 -80.4495 5.2092 3.60973 5.85067 -0.892007 -5.54014 6.85893 1.29553 -2.57922 -5.13582 -2.46421 0.32756 -0.533888 -5.12747 
0 0 0 0 0 0 0 0 0 0 0 0 0 0 0 0 0 0 0 0 0 0 0 0 0 0 0 0 0 0 0 0 0 0 0 0 0 0 0 0 0 0 0 0 0 0 0 0 0 0 0 81.9558 0.845938 1.58893 6.14813 3.0525 1.80047 1.57484 -1.50451 2.1147 2.77691 4.94746 8.62473 -0.59801 
0 0 0 0 0 0 0 0 0 0 0 0 0 0 0 0 0 0 0 0 0 0 0 0 0 0 0 0 0 0 0 0 0 0 0 0 0 0 0 0 0 0 0 0 0 0 0 0 0 0 0 0 -78.1764 -8.89717 3.16932 4.5766 -0.951319 -4.59879 2.71623 -7.63826 -5.6167 1.50483 0.813694 0.0852938 
0 0 0 0 0 0 0 0 0 0 0 0 0 0 0 0 0 0 0 0 0 0 0 0 0 0 0 0 0 0 0 0 0 0 0 0 0 0 0 0 0 0 0 0 0 0 0 0 0 0 0 0 0 -80.2746 -4.30328 -1.22 -4.65404 3.61991 -8.28781 -2.94613 -0.794597 5.21569 3.27908 -6.53012 
0 0 0 0 0 0 0 0 0 0 0 0 0 0 0 0 0 0 0 0 0 0 0 0 0 0 0 0 0 0 0 0 0 0 0 0 0 0 0 0 0 0 0 0 0 0 0 0 0 0 0 0 0 0 -77.8061 0.832831 0.644763 -6.78947 -0.21838 0.214509 0.704854 -0.443633 -1.55532 2.73105 
0 0 0 0 0 0 0 0 0 0 0 0 0 0 0 0 0 0 0 0 0 0 0 0 0 0 0 0 0 0 0 0 0 0 0 0 0 0 0 0 0 0 0 0 0 0 0 0 0 0 0 0 0 0 0 -79.4898 -0.366378 -2.43046 -7.0968 -2.15415 1.09136 -0.0300538 -3.50841 -10.1512 
0 0 0 0 0 0 0 0 0 0 0 0 0 0 0 0 0 0 0 0 0 0 0 0 0 0 0 0 0 0 0 0 0 0 0 0 0 0 0 0 0 0 0 0 0 0 0 0 0 0 0 0 0 0 0 0 80.764 -0.554247 -1.94428 -2.25894 6.87539 9.51348 -2.77262 7.50389 
0 0 0 0 0 0 0 0 0 0 0 0 0 0 0 0 0 0 0 0 0 0 0 0 0 0 0 0 0 0 0 0 0 0 0 0 0 0 0 0 0 0 0 0 0 0 0 0 0 0 0 0 0 0 0 0 0 74.7305 1.60852 1.64266 -0.524414 -0.196863 4.02793 -1.76975 
0 0 0 0 0 0 0 0 0 0 0 0 0 0 0 0 0 0 0 0 0 0 0 0 0 0 0 0 0 0 0 0 0 0 0 0 0 0 0 0 0 0 0 0 0 0 0 0 0 0 0 0 0 0 0 0 0 0 81.4363 4.92095 0.927027 1.18789 0.706291 -5.64038 
0 0 0 0 0 0 0 0 0 0 0 0 0 0 0 0 0 0 0 0 0 0 0 0 0 0 0 0 0 0 0 0 0 0 0 0 0 0 0 0 0 0 0 0 0 0 0 0 0 0 0 0 0 0 0 0 0 0 0 -80.5894 1.55814 -0.0136782 -0.623266 2.06111 
0 0 0 0 0 0 0 0 0 0 0 0 0 0 0 0 0 0 0 0 0 0 0 0 0 0 0 0 0 0 0 0 0 0 0 0 0 0 0 0 0 0 0 0 0 0 0 0 0 0 0 0 0 0 0 0 0 0 0 0 79.1531 0.503078 0.957851 2.17382 
0 0 0 0 0 0 0 0 0 0 0 0 0 0 0 0 0 0 0 0 0 0 0 0 0 0 0 0 0 0 0 0 0 0 0 0 0 0 0 0 0 0 0 0 0 0 0 0 0 0 0 0 0 0 0 0 0 0 0 0 0 80.8792 -2.55876 -3.13479 
0 0 0 0 0 0 0 0 0 0 0 0 0 0 0 0 0 0 0 0 0 0 0 0 0 0 0 0 0 0 0 0 0 0 0 0 0 0 0 0 0 0 0 0 0 0 0 0 0 0 0 0 0 0 0 0 0 0 0 0 0 0 77.8425 0.00971648 
0 0 0 0 0 0 0 0 0 0 0 0 0 0 0 0 0 0 0 0 0 0 0 0 0 0 0 0 0 0 0 0 0 0 0 0 0 0 0 0 0 0 0 0 0 0 0 0 0 0 0 0 0 0 0 0 0 0 0 0 0 0 0 77.7145 
