-166.395 -128.337 -126.215 -120.582 -125.401 -129.522 -124.859 -120.773 -125.09 -129.928 -119.873 -132.089 -123.844 -125.408 -124.243 -120.982 -115.295 -124.245 -127.466 -118.905 -125.662 -123.611 -125.917 -129.034 -125.016 -119.03 -125.302 -119.647 -128.614 -125.166 -127.118 -125.063 
0 -104.567 -38.3457 -47.1998 -51.0025 -34.3637 -40.6163 -45.6086 -41.5768 -46.7824 -48.8107 -41.714 -36.6232 -40.8264 -50.6637 -39.0507 -40.8526 -44.0236 -45.1649 -42.1316 -44.5259 -43.7989 -44.6163 -45.7205 -44.2968 -42.1758 -44.3984 -42.3944 -45.5716 -44.3501 -45.0418 -44.3135 
0 0 95.0771 32.6087 28.5445 23.3129 32.512 18.2775 18.2085 24.8709 30.6651 37.6168 35.9858 20.2554 41.4561 21.1789 26.8958 28.9835 29.7349 27.7379 29.3142 28.8356 29.3737 30.1007 29.1633 27.767 29.2303 27.9109 30.0027 29.1984 29.6538 29.1744 
0 0 0 -98.318 -18.0287 -9.43011 -18.0749 -28.7628 -28.7972 -26.1342 -24.188 -24.434 -11.2965 -18.9548 -35.8532 -28.4272 -21.6737 -23.3561 -23.9616 -22.3523 -23.6226 -23.2369 -23.6705 -24.2564 -23.501 -22.3757 -23.5549 -22.4917 -24.1774 -23.5293 -23.8962 -23.5099 
0 0 0 0 86.7081 11.4173 20.8767 16.7588 16.0437 13.3003 23.6704 9.13664 9.34517 25.9861 17.0695 19.5452 14.3628 15.4776 15.8789 14.8124 15.6542 15.3986 15.686 16.0742 15.5736 14.828 15.6094 14.9048 16.0219 15.5924 15.8356 15.5795 
0 0 0 0 0 -89.7606 -12.874 -19.4653 -8.66945 -7.435 -18.5213 -13.7888 -19.8969 -19.9871 -16.1451 -10.0023 -12.8765 -13.876 -14.2357 -13.2797 -14.0343 -13.8052 -14.0628 -14.4109 -13.9621 -13.2936 -13.9941 -13.3625 -14.3639 -13.9789 -14.1969 -13.9674 
0 0 0 0 0 0 -86.3397 -14.1781 -9.56795 -5.28179 -9.52898 -9.57763 -8.0792 -13.2732 -1.7842 -5.62258 -9.45792 -10.192 -10.4563 -9.75403 -10.3083 -10.14 -10.3293 -10.5849 -10.2553 -9.76425 -10.2788 -9.81486 -10.5504 -10.2676 -10.4278 -10.2592 
0 0 0 0 0 0 0 83.7826 8.65382 3.14125 19.5961 0.767417 12.0969 22.1036 15.3695 1.74866 6.9731 7.51435 7.70916 7.19141 7.60009 7.476 7.61551 7.804 7.56098 7.19895 7.57833 7.23626 7.77858 7.57008 7.68814 7.56384 
0 0 0 0 0 0 0 0 88.5541 2.33591 8.14406 16.6035 13.2822 12.9873 7.6858 12.7894 10.2287 11.0227 11.3085 10.549 11.1485 10.9665 11.1711 11.4476 11.0911 10.5601 11.1166 10.6148 11.4103 11.1045 11.2776 11.0953 
0 0 0 0 0 0 0 0 0 -85.1863 -19.3026 -12.3189 -1.75853 -8.39671 -1.2656 -8.5532 -6.9301 -7.46802 -7.66163 -7.14707 -7.55323 -7.42991 -7.56856 -7.75588 -7.51436 -7.15456 -7.5316 -7.19164 -7.73062 -7.5234 -7.64074 -7.5172 
0 0 0 0 0 0 0 0 0 0 76.6115 2.42772 6.0736 -7.80134 5.03617 -1.19694 3.74838 4.03934 4.14406 3.86574 4.08542 4.01872 4.09372 4.19504 4.0644 3.86979 4.07373 3.88985 4.18137 4.06929 4.13276 4.06594 
0 0 0 0 0 0 0 0 0 0 0 86.324 8.92809 12.0229 -1.97458 19.0002 9.7248 10.4797 10.7513 10.0293 10.5992 10.4262 10.6207 10.8836 10.5447 10.0398 10.5689 10.0918 10.8482 10.5574 10.722 10.5487 
0 0 0 0 0 0 0 0 0 0 0 0 83.0672 9.74882 4.72016 2.52815 6.98689 7.52922 7.72441 7.20564 7.61512 7.49079 7.63058 7.81944 7.57594 7.21319 7.59332 7.25058 7.79397 7.58505 7.70335 7.5788 
0 0 0 0 0 0 0 0 0 0 0 0 0 82.1388 -2.5798 1.65225 2.71208 2.92259 2.99836 2.79699 2.95594 2.90768 2.96194 3.03525 2.94073 2.79992 2.94748 2.81443 3.02536 2.94427 2.99019 2.94184 
0 0 0 0 0 0 0 0 0 0 0 0 0 0 -82.9054 -4.4837 -7.00314 -7.54673 -7.74238 -7.2224 -7.63284 -7.50822 -7.64833 -7.83763 -7.59356 -7.22997 -7.61099 -7.26744 -7.8121 -7.6027 -7.72127 -7.59643 
0 0 0 0 0 0 0 0 0 0 0 0 0 0 0 -81.5766 -4.36277 -4.70141 -4.82329 -4.49936 -4.75505 -4.67741 -4.7647 -4.88263 -4.73058 -4.50408 -4.74144 -4.52742 -4.86673 -4.73627 -4.81014 -4.73237 
0 0 0 0 0 0 0 0 0 0 0 0 0 0 0 0 -80.7829 -4.48757 -0.754446 4.67322 -12.4784 -0.77204 -11.746 -8.37505 -4.06797 -2.53981 -9.3466 -1.82824 -1.01917 4.27086 -3.54318 -4.1416 
0 0 0 0 0 0 0 0 0 0 0 0 0 0 0 0 0 83.3908 3.61622 13.0496 -0.643273 7.9624 4.97782 8.10403 -2.6121 1.30726 5.2707 2.38092 -3.74845 4.57067 -4.32291 -2.4147 
0 0 0 0 0 0 0 0 0 0 0 0 0 0 0 0 0 0 -83.6564 -3.19853 -6.93135 -3.40801 -1.83974 -14.5207 -7.23947 -7.40777 -2.5915 -6.37184 -3.17143 -4.87069 -7.65668 -5.3724 
0 0 0 0 0 0 0 0 0 0 0 0 0 0 0 0 0 0 0 83.5096 3.61221 1.38424 3.19699 2.51253 7.64473 3.27623 6.44932 5.50241 -0.671828 2.54667 8.80177 3.37584 
0 0 0 0 0 0 0 0 0 0 0 0 0 0 0 0 0 0 0 0 -83.1257 -1.06344 2.80692 -0.406279 -4.01996 -8.08089 -6.51212 -4.13847 -10.5767 2.30931 -6.19079 -8.80077 
0 0 0 0 0 0 0 0 0 0 0 0 0 0 0 0 0 0 0 0 0 79.3407 6.47384 -2.83049 5.87941 3.61952 0.498519 -0.503561 4.53701 3.61595 -3.59068 4.42681 
0 0 0 0 0 0 0 0 0 0 0 0 0 0 0 0 0 0 0 0 0 0 -80.4914 -1.42765 -9.15633 0.555681 -5.0735 -9.46138 -4.1925 -8.5825 -6.07081 -4.1646 
0 0 0 0 0 0 0 0 0 0 0 0 0 0 0 0 0 0 0 0 0 0 0 78.3388 -2.68536 -0.847535 1.67586 0.0906566 -1.16114 4.51666 3.57535 1.13146 
0 0 0 0 0 0 0 0 0 0 0 0 0 0 0 0 0 0 0 0 0 0 0 0 -83.6382 3.69662 1.16567 -1.41773 -1.84861 2.16131 -3.0478 -4.45988 
0 0 0 0 0 0 0 0 0 0 0 0 0 0 0 0 0 0 0 0 0 0 0 0 0 80.4712 0.782665 3.08002 6.19009 6.10436 2.02127 -0.235189 
0 0 0 0 0 0 0 0 0 0 0 0 0 0 0 0 0 0 0 0 0 0 0 0 0 0 -82.386 0.392871 -2.40093 -5.44235 -6.09201 2.84012 
0 0 0 0 0 0 0 0 0 0 0 0 0 0 0 0 0 0 0 0 0 0 0 0 0 0 0 -84.9675 -1.61023 -1.54004 -0.730928 -9.56126 
0 0 0 0 0 0 0 0 0 0 0 0 0 0 0 0 0 0 0 0 0 0 0 0 0 0 0 0 81.1581 4.63153 -1.21729 2.37965 
0 0 0 0 0 0 0 0 0 0 0 0 0 0 0 0 0 0 0 0 0 0 0 0 0 0 0 0 0 84.5833 -3.8353 3.73988 
0 0 0 0 0 0 0 0 0 0 0 0 0 0 0 0 0 0 0 0 0 0 0 0 0 0 0 0 0 0 77.9114 -1.88612 
0 0 0 0 0 0 0 0 0 0 0 0 0 0 0 0 0 0 0 0 0 0 0 0 0 0 0 0 0 0 0 80.3356 
