1136.66 
87.7903 
87.5817 
86.7853 
83.7536 
83.38 
82.5746 
81.5114 
80.6754 
80.5464 
79.7013 
78.9441 
78.4499 
78.2631 
77.8612 
77.2234 
76.7403 
75.2814 
75.0362 
74.7147 
73.6097 
73.3439 
73.1799 
72.041 
71.2923 
71.0771 
70.7502 
70.5317 
70.5192 
69.7681 
68.8606 
68.4742 
68.416 
67.6766 
67.2412 
66.3851 
65.6538 
65.3768 
64.924 
64.8307 
64.2694 
63.9727 
63.7282 
62.8791 
62.2887 
61.867 
61.8019 
61.1026 
60.827 
60.632 
60.4112 
59.7166 
59.3174 
59.2461 
58.6069 
58.2013 
57.9934 
57.7205 
57.4643 
57.2942 
56.523 
56.2518 
56.1591 
55.8781 
55.5832 
54.9882 
54.6015 
53.7267 
53.672 
52.8548 
52.4767 
51.4912 
51.4025 
50.8145 
50.1944 
49.8328 
49.7116 
49.3119 
48.7863 
48.3002 
48.0072 
47.588 
47.3029 
46.6371 
46.4664 
46.1888 
45.7603 
45.4552 
45.185 
44.0694 
43.9631 
43.7194 
43.5714 
43.2332 
41.9152 
41.3819 
41.2455 
40.44 
39.823 
39.7382 
39.7069 
39.3138 
38.6083 
38.3946 
38.0029 
37.7725 
36.9763 
36.7462 
36.5472 
36.3299 
35.866 
35.5 
34.2966 
33.7905 
33.0547 
32.7666 
32.3087 
32.0325 
31.0706 
30.7084 
30.5646 
29.9747 
29.8334 
29.3885 
29.2485 
28.2383 
25.7523 
24.3067 
