1602.94 
101.638 
100.987 
99.6861 
98.5074 
97.3141 
97.0299 
96.5667 
96.1137 
95.8956 
95.5907 
95.3857 
94.6945 
93.3255 
92.8505 
91.8874 
91.0059 
90.7949 
89.9839 
89.6012 
89.4402 
89.121 
88.9151 
88.3574 
88.0332 
87.1094 
86.609 
86.264 
85.5881 
85.2431 
84.6969 
84.5424 
83.8039 
83.705 
83.5293 
82.859 
82.2495 
81.7161 
81.6088 
81.3054 
81.2494 
80.8029 
80.6165 
79.8244 
79.3054 
79.1549 
78.7108 
77.7849 
77.7086 
76.6779 
75.9477 
75.6281 
75.2384 
75.1525 
74.5557 
74.0591 
73.7753 
73.4632 
73.0924 
72.8819 
72.3988 
72.1662 
71.8286 
71.3137 
70.8616 
70.2418 
69.7222 
69.4477 
69.2882 
69.1511 
68.9503 
68.4851 
68.349 
67.9327 
67.7003 
67.5065 
66.9937 
66.6882 
66.383 
65.9952 
65.399 
65.1443 
64.8979 
64.2786 
64.1725 
63.8906 
63.7674 
63.6324 
63.2954 
63.1847 
62.2408 
61.9642 
61.8852 
61.2229 
60.8644 
60.7115 
60.5099 
60.1715 
59.6853 
59.4492 
59.2121 
59.0446 
58.7727 
58.6555 
58.3283 
57.7002 
57.4524 
57.201 
56.7012 
56.6673 
56.227 
55.9281 
55.7943 
55.6101 
55.1663 
55.0597 
54.7261 
54.6381 
54.0624 
53.9087 
53.8374 
53.5377 
53.0126 
52.1929 
52.0729 
51.7912 
51.5015 
51.34 
50.8726 
50.5397 
50.1225 
49.9473 
49.627 
49.2848 
48.7967 
48.6745 
48.4516 
48.1606 
48.1235 
47.5899 
47.5041 
47.3584 
47.1572 
46.8817 
46.4848 
46.3162 
46.0012 
45.7715 
45.0957 
44.9899 
44.8176 
44.2404 
44.2236 
43.9712 
43.5148 
43.1593 
42.9654 
42.8543 
42.5649 
42.1943 
41.7574 
41.429 
41.285 
41.0011 
40.7771 
40.3337 
40.1942 
39.5992 
39.1815 
38.9335 
38.8376 
38.482 
38.2132 
37.9705 
37.8143 
37.3813 
37.0859 
36.7975 
36.7509 
36.4515 
36.3764 
36.1582 
35.8718 
35.2877 
34.8838 
34.7133 
34.4667 
34.3769 
34.0154 
33.5175 
33.1937 
32.9345 
32.302 
32.0745 
31.7152 
31.5335 
31.2359 
30.9575 
30.8961 
30.8249 
30.6492 
30.1197 
29.9243 
29.3376 
28.9709 
28.5054 
28.2098 
27.9605 
27.5692 
27.323 
27.1419 
26.9902 
26.8741 
26.3931 
26.0426 
25.7822 
25.45 
25.4378 
24.6694 
24.3644 
24.2664 
23.634 
23.39 
23.2085 
22.773 
22.3011 
22.2089 
21.9699 
21.7486 
21.4716 
21.1207 
20.9556 
20.6563 
20.6252 
20.487 
19.9013 
19.5263 
18.7349 
18.5507 
18.2692 
17.9394 
17.7164 
17.0893 
16.8281 
16.6857 
16.6155 
16.1167 
15.9951 
15.5259 
15.3393 
14.8369 
14.3527 
13.8433 
13.7226 
12.6581 
12.3024 
