-166.395 -128.337 -126.215 -120.582 -125.401 -129.522 -124.859 -120.773 -115.295 -124.245 -127.466 -118.905 -125.662 -123.611 -125.917 -129.034 
0 -104.567 -38.3457 -47.1998 -51.0025 -34.3637 -40.6163 -45.6086 -40.8526 -44.0236 -45.1649 -42.1316 -44.5259 -43.7989 -44.6163 -45.7205 
0 0 95.0771 32.6087 28.5445 23.3129 32.512 18.2775 26.8958 28.9835 29.7349 27.7379 29.3142 28.8356 29.3737 30.1007 
0 0 0 -98.318 -18.0287 -9.43011 -18.0749 -28.7628 -21.6737 -23.3561 -23.9616 -22.3523 -23.6226 -23.2369 -23.6705 -24.2564 
0 0 0 0 86.7081 11.4173 20.8767 16.7588 14.3628 15.4776 15.8789 14.8124 15.6542 15.3986 15.686 16.0742 
0 0 0 0 0 -89.7606 -12.874 -19.4653 -12.8765 -13.876 -14.2357 -13.2797 -14.0343 -13.8052 -14.0628 -14.4109 
0 0 0 0 0 0 -86.3397 -14.1781 -9.45792 -10.192 -10.4563 -9.75403 -10.3083 -10.14 -10.3293 -10.5849 
0 0 0 0 0 0 0 83.7826 6.9731 7.51435 7.70916 7.19141 7.60009 7.476 7.61551 7.804 
0 0 0 0 0 0 0 0 83.1349 9.35792 5.85996 0.241527 17.1797 5.722 16.4783 13.328 
0 0 0 0 0 0 0 0 0 85.6404 8.28361 17.4385 3.43756 12.3694 8.95999 12.3028 
0 0 0 0 0 0 0 0 0 0 -85.9087 -7.04165 -10.7362 -7.39674 -5.53463 -18.0118 
0 0 0 0 0 0 0 0 0 0 0 85.0442 6.47622 4.51407 6.09042 4.97694 
0 0 0 0 0 0 0 0 0 0 0 0 84.3855 3.82244 -0.231235 2.56176 
0 0 0 0 0 0 0 0 0 0 0 0 0 80.8783 9.25832 -0.389833 
0 0 0 0 0 0 0 0 0 0 0 0 0 0 -81.6059 -3.48588 
0 0 0 0 0 0 0 0 0 0 0 0 0 0 0 -79.2842 
