-117.659 -90.7476 -89.2472 -85.2641 -88.6722 -91.5855 -88.2888 -85.3994 -80.5624 -82.4898 -86.4703 -89.2382 -92.4268 -87.8369 -86.85 -81.3072 
0 -73.9402 -27.1145 -33.3753 -36.0642 -24.2988 -28.7201 -32.2501 -28.5457 -29.2286 -30.639 -31.6198 -32.7496 -31.1232 -30.7735 -28.8096 
0 0 67.2297 23.0578 20.184 16.4847 22.9894 12.9242 18.7934 19.243 20.1716 20.8173 21.5611 20.4904 20.2602 18.9672 
0 0 0 -69.5213 -12.7482 -6.66809 -12.7809 -20.3384 -15.1445 -15.5068 -16.2551 -16.7754 -17.3748 -16.512 -16.3264 -15.2845 
0 0 0 0 -61.3119 -8.07327 -14.7621 -11.8503 -10.036 -10.2761 -10.7719 -11.1167 -11.514 -10.9422 -10.8192 -10.1287 
0 0 0 0 0 63.4703 9.10328 13.7641 8.99744 9.2127 9.65726 9.96638 10.3225 9.80987 9.69965 9.08063 
0 0 0 0 0 0 -61.0514 -10.0254 -6.6087 -6.76681 -7.09334 -7.32039 -7.58196 -7.20544 -7.12448 -6.6698 
0 0 0 0 0 0 0 59.2433 4.87244 4.98901 5.22975 5.39715 5.59 5.3124 5.25271 4.91749 
0 0 0 0 0 0 0 0 -60.2955 -5.7474 -6.14765 -3.64661 -4.15474 -2.56715 -6.10405 -1.05408 
0 0 0 0 0 0 0 0 0 -56.9254 -6.14182 -6.72795 -8.15157 -3.99552 -4.25057 6.10147 
0 0 0 0 0 0 0 0 0 0 60.3938 8.35954 5.28421 4.65768 5.2475 4.81567 
0 0 0 0 0 0 0 0 0 0 0 59.7134 -3.38141 5.06241 4.20416 18.785 
0 0 0 0 0 0 0 0 0 0 0 0 -60.737 -3.38403 -5.76655 -6.96272 
0 0 0 0 0 0 0 0 0 0 0 0 0 -59.8053 0.392902 -3.20503 
0 0 0 0 0 0 0 0 0 0 0 0 0 0 -61.7442 -2.07183 
0 0 0 0 0 0 0 0 0 0 0 0 0 0 0 -56.0648 
