-235.317 -181.495 -178.494 -170.528 -177.344 -183.171 -176.578 -170.799 -176.904 -183.746 -169.526 -186.803 -175.142 -177.354 -175.707 -171.095 -169.38 -174.21 -176.262 -180.278 -172.566 -173.205 -179.449 -178.319 -174.946 -174.459 -176.048 -175.372 -178.401 -173.826 -169.687 -177.386 
0 -147.88 -54.229 -66.7506 -72.1285 -48.5977 -57.4402 -64.5003 -58.7985 -66.1603 -69.0288 -58.9925 -51.793 -57.7373 -71.6493 -55.226 -60.0165 -61.728 -62.4551 -63.8778 -61.1453 -61.3718 -63.5842 -63.1837 -61.9886 -61.8162 -62.3791 -62.1397 -63.2127 -61.5919 -60.1252 -62.8531 
0 0 134.459 46.1157 40.368 32.9695 45.9789 25.8483 25.7507 35.1728 43.367 53.1982 50.8916 28.6455 58.6278 29.9515 39.5127 40.6394 41.1181 42.0548 40.2558 40.4049 41.8615 41.5978 40.811 40.6975 41.0681 40.9105 41.6169 40.5498 39.5842 41.3802 
0 0 0 -139.043 -25.4964 -13.3362 -25.5618 -40.6768 -40.7254 -36.9594 -34.2069 -34.5549 -15.9756 -26.8061 -50.7041 -40.2021 -31.8409 -32.7489 -33.1346 -33.8894 -32.4397 -32.5599 -33.7337 -33.5212 -32.8871 -32.7957 -33.0943 -32.9673 -33.5366 -32.6767 -31.8985 -33.3458 
0 0 0 0 122.624 16.1465 29.5241 23.7006 22.6893 18.8095 33.475 12.9212 13.2161 36.7499 24.1399 27.641 21.1003 21.702 21.9577 22.4579 21.4972 21.5768 22.3547 22.2138 21.7937 21.7331 21.931 21.8468 22.224 21.6542 21.1385 22.0976 
0 0 0 0 0 -126.941 -18.2066 -27.5281 -12.2604 -10.5147 -26.1931 -19.5003 -28.1384 -28.266 -22.8326 -14.1453 -18.9169 -19.4563 -19.6855 -20.1339 -19.2727 -19.3441 -20.0414 -19.9152 -19.5385 -19.4841 -19.6616 -19.5861 -19.9243 -19.4134 -18.9511 -19.811 
0 0 0 0 0 0 -122.103 -20.0508 -13.5311 -7.46958 -13.476 -13.5448 -11.4257 -18.7712 -2.52325 -7.95153 -13.8946 -14.2908 -14.4592 -14.7885 -14.156 -14.2084 -14.7206 -14.6279 -14.3512 -14.3113 -14.4416 -14.3862 -14.6346 -14.2593 -13.9198 -14.5513 
0 0 0 0 0 0 0 118.487 12.2384 4.4424 27.7131 1.08529 17.1077 31.2592 21.7358 2.47297 10.2442 10.5363 10.6604 10.9032 10.4368 10.4755 10.8531 10.7848 10.5808 10.5514 10.6474 10.6066 10.7897 10.5131 10.2627 10.7284 
0 0 0 0 0 0 0 0 125.234 3.30347 11.5174 23.4808 18.7838 18.3668 10.8694 18.0869 15.0271 15.4556 15.6376 15.9938 15.3097 15.3664 15.9203 15.8201 15.5208 15.4777 15.6186 15.5587 15.8273 15.4215 15.0543 15.7373 
0 0 0 0 0 0 0 0 0 -120.472 -27.2979 -17.4216 -2.48693 -11.8747 -1.78982 -12.096 -10.181 -10.4713 -10.5947 -10.836 -10.3725 -10.4109 -10.7862 -10.7183 -10.5155 -10.4863 -10.5818 -10.5412 -10.7232 -10.4482 -10.1994 -10.6622 
0 0 0 0 0 0 0 0 0 0 108.345 3.43332 8.58937 -11.0328 7.12221 -1.69273 5.50675 5.66378 5.7305 5.86103 5.61032 5.6311 5.8341 5.79735 5.6877 5.67188 5.72352 5.70156 5.80001 5.65129 5.51672 5.76702 
0 0 0 0 0 0 0 0 0 0 0 122.081 12.6262 17.0029 -2.79247 26.8703 14.2867 14.6941 14.8672 15.2059 14.5554 14.6093 15.136 15.0406 14.7562 14.7151 14.8491 14.7921 15.0475 14.6617 14.3126 14.9619 
0 0 0 0 0 0 0 0 0 0 0 0 117.475 13.7869 6.67532 3.57534 10.2644 10.5571 10.6815 10.9248 10.4575 10.4962 10.8746 10.8061 10.6017 10.5722 10.6685 10.6276 10.8111 10.5339 10.283 10.7496 
0 0 0 0 0 0 0 0 0 0 0 0 0 116.162 -3.64839 2.33663 3.98432 4.09793 4.1462 4.24065 4.05925 4.07429 4.22117 4.19458 4.11524 4.10379 4.14116 4.12527 4.1965 4.0889 3.99153 4.17263 
0 0 0 0 0 0 0 0 0 0 0 0 0 0 -117.246 -6.34091 -10.2883 -10.5817 -10.7063 -10.9502 -10.4818 -10.5206 -10.8999 -10.8313 -10.6264 -10.5968 -10.6933 -10.6523 -10.8362 -10.5584 -10.3069 -10.7746 
0 0 0 0 0 0 0 0 0 0 0 0 0 0 0 -115.367 -6.40934 -6.59211 -6.66976 -6.82169 -6.52989 -6.55407 -6.79035 -6.74757 -6.61994 -6.60153 -6.66164 -6.63608 -6.75067 -6.57758 -6.42094 -6.71227 
0 0 0 0 0 0 0 0 0 0 0 0 0 0 0 0 -116.411 -9.26939 -14.2919 -14.433 -3.5622 -7.98325 -3.64684 -0.787331 -13.2092 -6.90984 -3.12109 -7.74408 3.8922 -2.57493 -14.4032 -5.93907 
0 0 0 0 0 0 0 0 0 0 0 0 0 0 0 0 0 118.951 5.82192 2.96553 7.5794 5.9047 4.58594 7.39624 4.76888 1.31226 6.80226 2.79507 3.5517 3.58072 4.05244 1.24869 
0 0 0 0 0 0 0 0 0 0 0 0 0 0 0 0 0 0 115.175 -3.41637 6.20931 4.93982 10.2215 8.35601 7.19895 4.40086 9.99397 5.26454 0.350849 7.22261 9.7488 7.09802 
0 0 0 0 0 0 0 0 0 0 0 0 0 0 0 0 0 0 0 -113.941 -7.41781 -5.19776 -6.40017 -6.04461 -8.7694 -2.71255 -7.22191 -9.80899 -9.19309 -10.3826 -7.06282 -6.48775 
0 0 0 0 0 0 0 0 0 0 0 0 0 0 0 0 0 0 0 0 117.359 2.44602 5.76192 3.51125 -4.6844 1.45274 7.20489 -0.58049 2.95146 7.56301 3.77371 4.16608 
0 0 0 0 0 0 0 0 0 0 0 0 0 0 0 0 0 0 0 0 0 119.61 3.39337 12.4223 3.28998 7.73811 7.2085 -1.56604 5.78453 1.43717 -4.9423 2.29224 
0 0 0 0 0 0 0 0 0 0 0 0 0 0 0 0 0 0 0 0 0 0 -118.441 -1.54695 -6.74473 -4.89728 -6.31461 -1.01142 -7.93389 -9.6988 -6.36599 -4.88544 
0 0 0 0 0 0 0 0 0 0 0 0 0 0 0 0 0 0 0 0 0 0 0 113.371 13.2489 10.8418 -1.63066 9.61463 -0.594906 3.92248 0.802277 7.92043 
0 0 0 0 0 0 0 0 0 0 0 0 0 0 0 0 0 0 0 0 0 0 0 0 -116.787 -8.82717 -7.01861 -10.1452 1.89131 -6.16231 -3.20599 -4.93983 
0 0 0 0 0 0 0 0 0 0 0 0 0 0 0 0 0 0 0 0 0 0 0 0 0 -117.49 0.7774 -3.94844 1.84105 -5.1928 -5.43188 -1.20541 
0 0 0 0 0 0 0 0 0 0 0 0 0 0 0 0 0 0 0 0 0 0 0 0 0 0 116.217 1.79553 1.78161 2.10672 1.45932 5.9698 
0 0 0 0 0 0 0 0 0 0 0 0 0 0 0 0 0 0 0 0 0 0 0 0 0 0 0 114.517 3.37833 3.76109 1.55967 10.7801 
0 0 0 0 0 0 0 0 0 0 0 0 0 0 0 0 0 0 0 0 0 0 0 0 0 0 0 0 -114.083 -2.78674 -7.89452 1.63406 
0 0 0 0 0 0 0 0 0 0 0 0 0 0 0 0 0 0 0 0 0 0 0 0 0 0 0 0 0 -118.156 -0.664937 -0.0680131 
0 0 0 0 0 0 0 0 0 0 0 0 0 0 0 0 0 0 0 0 0 0 0 0 0 0 0 0 0 0 -116.336 0.327322 
0 0 0 0 0 0 0 0 0 0 0 0 0 0 0 0 0 0 0 0 0 0 0 0 0 0 0 0 0 0 0 114.859 
