-235.317 -181.495 -178.494 -170.528 -177.344 -183.171 -176.578 -170.799 -169.38 -174.21 -176.262 -180.278 -172.566 -173.205 -179.449 -178.319 
0 -147.88 -54.229 -66.7506 -72.1285 -48.5977 -57.4402 -64.5003 -60.0165 -61.728 -62.4551 -63.8778 -61.1453 -61.3718 -63.5842 -63.1837 
0 0 134.459 46.1157 40.368 32.9695 45.9789 25.8483 39.5127 40.6394 41.1181 42.0548 40.2558 40.4049 41.8615 41.5978 
0 0 0 -139.043 -25.4964 -13.3362 -25.5618 -40.6768 -31.8409 -32.7489 -33.1346 -33.8894 -32.4397 -32.5599 -33.7337 -33.5212 
0 0 0 0 -122.624 -16.1465 -29.5241 -23.7006 -21.1003 -21.702 -21.9577 -22.4579 -21.4972 -21.5768 -22.3547 -22.2138 
0 0 0 0 0 126.941 18.2066 27.5281 18.9169 19.4563 19.6855 20.1339 19.2727 19.3441 20.0414 19.9152 
0 0 0 0 0 0 -122.103 -20.0508 -13.8946 -14.2908 -14.4592 -14.7885 -14.156 -14.2084 -14.7206 -14.6279 
0 0 0 0 0 0 0 118.487 10.2442 10.5363 10.6604 10.9032 10.4368 10.4755 10.8531 10.7848 
0 0 0 0 0 0 0 0 -119.931 -16.133 -21.0921 -21.3935 -10.526 -14.8434 -10.89 -8.06818 
0 0 0 0 0 0 0 0 0 -121.882 -11.2837 -8.63332 -13.4283 -11.5851 -10.7504 -13.6023 
0 0 0 0 0 0 0 0 0 0 117.611 1.72592 11.2134 9.85486 15.4954 13.6435 
0 0 0 0 0 0 0 0 0 0 0 116.7 12.3364 10.1038 11.5362 11.2445 
0 0 0 0 0 0 0 0 0 0 0 0 -119.296 -6.28168 -9.70658 -7.55118 
0 0 0 0 0 0 0 0 0 0 0 0 0 -121.406 -6.95954 -15.9793 
0 0 0 0 0 0 0 0 0 0 0 0 0 0 -120.153 -4.784 
0 0 0 0 0 0 0 0 0 0 0 0 0 0 0 -114.926 
