809.044 
78.3327 
77.1594 
75.284 
75.1775 
74.1227 
73.4138 
71.5265 
70.8365 
70.6187 
70.5549 
69.8802 
68.9897 
67.7091 
67.1925 
65.8011 
65.5521 
65.1256 
64.6411 
63.3462 
63.0266 
62.8734 
61.4035 
60.648 
60.4786 
59.6859 
59.5378 
58.4386 
57.543 
57.29 
56.5788 
55.9937 
55.438 
54.9896 
54.8387 
54.6232 
54.3322 
54.0661 
52.4137 
52.0602 
51.8314 
51.5083 
50.8807 
50.0919 
49.662 
48.5232 
48.4101 
47.3543 
46.8913 
46.7178 
44.8406 
44.2686 
43.6521 
43.2778 
42.9088 
42.0868 
41.8753 
41.1259 
40.6036 
39.4465 
39.3934 
38.5475 
37.2487 
35.3418 
