-83.1973 -64.1683 -63.1073 -60.2908 -62.7007 -64.7608 -62.4296 -60.3865 -54.6918 -59.2407 -54.5582 -62.1 -58.5106 -63.7769 -65.3446 -60.8572 
0 -52.2836 -19.1729 -23.5999 -25.5013 -17.1819 -20.3082 -22.8043 -19.3789 -20.9908 -19.3316 -22.0039 -20.7321 -22.5981 -23.1536 -21.5635 
0 0 47.5386 16.3043 14.2723 11.6565 16.256 9.13877 12.7584 13.8195 12.7272 14.4866 13.6492 14.8777 15.2434 14.1966 
0 0 0 -49.159 -9.01435 -4.71505 -9.03747 -14.3814 -10.2812 -11.1363 -10.2561 -11.6738 -10.9991 -11.9891 -12.2838 -11.4402 
0 0 0 0 -43.3541 -5.70867 -10.4384 -8.37941 -6.81316 -7.37983 -6.79652 -7.73603 -7.28888 -7.94492 -8.14022 -7.58121 
0 0 0 0 0 44.8803 6.43699 9.73266 6.10813 6.61617 6.09322 6.93551 6.53464 7.12279 7.29788 6.79671 
0 0 0 0 0 0 -43.1698 -7.08905 -4.48648 -4.85964 -4.47552 -5.09419 -4.79975 -5.23175 -5.36036 -4.99224 
0 0 0 0 0 0 0 41.8913 3.30777 3.5829 3.2997 3.75583 3.53874 3.85724 3.95206 3.68066 
0 0 0 0 0 0 0 0 -40.5147 -4.16377 1.434 -3.77892 -4.58193 -3.10807 -1.74681 -5.30306 
0 0 0 0 0 0 0 0 0 -44.3147 2.49952 -8.29071 -1.87184 -3.54469 -3.10921 -3.1551 
0 0 0 0 0 0 0 0 0 0 39.3786 2.03361 7.18197 5.24369 7.07851 4.91616 
0 0 0 0 0 0 0 0 0 0 0 39.8968 4.70816 0.919844 1.71141 2.51908 
0 0 0 0 0 0 0 0 0 0 0 0 -42.8178 2.50326 -7.19556 0.278057 
0 0 0 0 0 0 0 0 0 0 0 0 0 -41.4378 -5.00079 -3.52678 
0 0 0 0 0 0 0 0 0 0 0 0 0 0 -41.0962 -3.46991 
0 0 0 0 0 0 0 0 0 0 0 0 0 0 0 -41.9157 
