-117.659 -90.7476 -89.2472 -85.2641 -88.6722 -91.5855 -88.2888 -85.3994 -88.452 -91.873 -84.7632 -93.4013 -87.5709 -88.677 -87.8533 -85.5475 -88.5179 -91.3303 -89.5168 -87.8632 -88.8244 -85.6847 -92.0716 -82.9332 -87.7546 -101.562 -94.9213 -89.2235 -93.5976 -93.0851 -90.0291 -82.0112 -80.5624 -82.4898 -86.4703 -89.2382 -92.4268 -87.8369 -86.85 -81.3072 -92.6876 -85.0256 -90.1048 -84.707 -90.7869 -87.287 -92.382 -90.0994 -89.5525 -87.2462 -80.2139 -88.1196 -88.0532 -89.1513 -87.2667 -81.9391 -91.2357 -90.6513 -86.1924 -90.8191 -89.9693 -89.8029 -86.8913 -89.9743 
0 -73.9402 -27.1145 -33.3753 -36.0642 -24.2988 -28.7201 -32.2501 -29.3993 -33.0802 -34.5144 -29.4962 -25.8965 -28.8686 -35.8247 -27.613 -27.0228 -26.1105 -37.0746 -37.7413 -28.6848 -26.4576 -28.4562 -27.1578 -29.3929 -34.546 -32.6568 -29.2476 -32.474 -28.0117 -32.3727 -28.51 -28.5457 -29.2286 -30.639 -31.6198 -32.7496 -31.1232 -30.7735 -28.8096 -32.842 -30.1271 -31.9268 -30.0142 -32.1685 -30.9284 -32.7337 -31.9249 -31.7311 -30.9139 -28.4222 -31.2234 -31.1999 -31.589 -30.9212 -29.0335 -32.3275 -32.1205 -30.5406 -32.1799 -31.8788 -31.8199 -30.7882 -31.8806 
0 0 67.2297 23.0578 20.184 16.4847 22.9894 12.9242 12.8754 17.5864 21.6835 26.5991 25.4458 14.3228 29.3139 14.9758 20.3056 14.4625 19.8619 21.8714 18.7937 24.51 25.539 23.8336 18.4227 19.8378 16.608 18.9766 14.0394 25.2299 22.9513 21.5372 18.7934 19.243 20.1716 20.8173 21.5611 20.4904 20.2602 18.9672 21.622 19.8346 21.0194 19.7602 21.1786 20.3621 21.5507 21.0182 20.8906 20.3526 18.7121 20.5563 20.5409 20.797 20.3574 19.1146 21.2832 21.1469 20.1068 21.1861 20.9878 20.949 20.2698 20.989 
0 0 0 -69.5213 -12.7482 -6.66809 -12.7809 -20.3384 -20.3627 -18.4797 -17.1035 -17.2774 -7.98782 -13.4031 -25.3521 -20.1011 -17.3285 -17.1754 -12.2305 -14.1891 -15.4134 -13.2528 -8.7317 -16.9833 -17.5856 -19.3347 -13.1462 -21.1057 -13.9502 -16.449 -14.2327 -19.8622 -15.1445 -15.5068 -16.2551 -16.7754 -17.3748 -16.512 -16.3264 -15.2845 -17.4238 -15.9835 -16.9383 -15.9236 -17.0665 -16.4086 -17.3664 -16.9373 -16.8345 -16.4009 -15.079 -16.5651 -16.5526 -16.7591 -16.4048 -15.4033 -17.1509 -17.041 -16.2028 -17.0726 -16.9128 -16.8816 -16.3342 -16.9138 
0 0 0 0 -61.3119 -8.07327 -14.7621 -11.8503 -11.3446 -9.40473 -16.7375 -6.46058 -6.60803 -18.3749 -12.0699 -13.8205 -3.16301 -12.5339 -11.9499 -14.3516 -11.1623 -6.3539 -5.18434 -15.628 -13.8213 -9.31627 -14.3491 -0.644356 -8.705 -11.2283 -3.31492 -10.6239 -10.036 -10.2761 -10.7719 -11.1167 -11.514 -10.9422 -10.8192 -10.1287 -11.5464 -10.592 -11.2247 -10.5523 -11.3097 -10.8737 -11.5084 -11.224 -11.1559 -10.8686 -9.99254 -10.9774 -10.9691 -11.1059 -10.8711 -10.2075 -11.3656 -11.2928 -10.7373 -11.3137 -11.2078 -11.1871 -10.8244 -11.2084 
0 0 0 0 0 63.4703 9.10328 13.7641 6.13022 5.25734 13.0965 9.75015 14.0692 14.133 11.4163 7.07266 8.01276 14.2964 7.45372 15.8026 5.46219 14.5736 7.70356 9.02989 10.1878 8.6241 7.45736 7.15504 9.58868 8.51534 12.1464 11.5115 8.99744 9.2127 9.65726 9.96638 10.3225 9.80987 9.69965 9.08063 10.3516 9.4959 10.0632 9.46032 10.1393 9.74847 10.3175 10.0626 10.0015 9.7439 8.95852 9.84145 9.83404 9.95667 9.7462 9.1512 10.1895 10.1242 9.62622 10.1429 10.048 10.0295 9.70427 10.0486 
0 0 0 0 0 0 -61.0514 -10.0254 -6.76556 -3.73479 -6.73801 -6.77241 -5.71285 -9.38559 -1.26162 -3.97577 -2.67246 -10.999 -8.27599 -12.3855 -8.73385 -8.85301 -1.48932 -0.964231 -11.4903 -5.17109 -11.8324 -7.61166 -7.18039 -3.92535 -13.678 -0.975828 -6.6087 -6.76681 -7.09334 -7.32039 -7.58196 -7.20544 -7.12448 -6.6698 -7.60336 -6.97482 -7.39148 -6.94869 -7.44744 -7.16033 -7.57828 -7.39104 -7.34618 -7.15698 -6.58011 -7.22863 -7.22319 -7.31326 -7.15867 -6.72163 -7.48425 -7.43632 -7.07054 -7.45008 -7.38037 -7.36672 -7.12787 -7.38078 
0 0 0 0 0 0 0 59.2433 6.11918 2.2212 13.8566 0.542645 8.55383 15.6296 10.8679 1.23649 11.7677 6.52567 -1.11579 1.55548 11.6659 1.88926 -0.735168 2.82753 13.96 6.50509 1.25006 8.60536 8.64453 -0.431963 10.5702 -2.39157 4.87244 4.98901 5.22975 5.39715 5.59 5.3124 5.25271 4.91749 5.60578 5.14237 5.44956 5.1231 5.49082 5.27914 5.58729 5.44924 5.41616 5.27667 4.85136 5.3295 5.32549 5.39189 5.27792 4.9557 5.51796 5.48262 5.21294 5.49276 5.44137 5.43131 5.25521 5.44167 
0 0 0 0 0 0 0 0 -62.6172 -1.65174 -5.75872 -11.7404 -9.3919 -9.1834 -5.43468 -9.04347 -13.2475 -13.9427 -9.53731 -13.6519 -7.54067 -5.32644 -8.66385 -10.5985 -14.2298 -16.3096 -7.95807 -7.10495 -5.4313 -9.28581 -2.83317 -9.46497 -7.14732 -7.31832 -7.67146 -7.91701 -8.19991 -7.79269 -7.70514 -7.2134 -8.22304 -7.54328 -7.9939 -7.51501 -8.05441 -7.74391 -8.19593 -7.99342 -7.9449 -7.74029 -7.1164 -7.81777 -7.81189 -7.9093 -7.74211 -7.26946 -8.09423 -8.04239 -7.6468 -8.05727 -7.98188 -7.96712 -7.7088 -7.98232 
0 0 0 0 0 0 0 0 0 -60.2358 -13.649 -8.7108 -1.24347 -5.93737 -0.894912 -6.04802 -8.25416 -3.05341 -1.97823 -5.42909 -6.24486 -9.97015 -13.7239 -4.71515 -4.8212 -10.5935 -5.73921 -4.61489 -3.12331 -2.21617 -10.5985 -3.9663 -4.8424 -4.95825 -5.1975 -5.36387 -5.55554 -5.27964 -5.22032 -4.88716 -5.57121 -5.11067 -5.41596 -5.09151 -5.45696 -5.24659 -5.55284 -5.41564 -5.38277 -5.24414 -4.82145 -5.29664 -5.29265 -5.35865 -5.24537 -4.92514 -5.48394 -5.44881 -5.1808 -5.4589 -5.40782 -5.39782 -5.22281 -5.40812 
0 0 0 0 0 0 0 0 0 0 54.1725 1.71666 4.29468 -5.51638 3.56111 -0.846367 -0.0885196 8.79148 4.68715 6.99118 3.37361 10.4852 2.9433 -0.469075 8.30997 3.07979 -1.55785 2.6758 1.68494 1.7305 7.09787 -0.159981 2.61918 2.68184 2.81125 2.90124 3.0049 2.85568 2.82359 2.64339 3.01338 2.76428 2.92941 2.75392 2.95159 2.8378 3.00344 2.92924 2.91146 2.83647 2.60785 2.86487 2.86271 2.89841 2.83714 2.66393 2.96618 2.94718 2.80221 2.95263 2.92501 2.9196 2.82494 2.92517 
0 0 0 0 0 0 0 0 0 0 0 -61.0403 -6.31311 -8.50145 1.39624 -13.4352 -11.9828 -10.7921 -3.71069 -8.54256 -14.5377 -4.75143 -5.58008 -9.68679 -11.5905 -9.95341 -5.88777 -9.58267 -14.8543 -9.5802 -11.7338 -13.6033 -6.79519 -6.95776 -7.2935 -7.52696 -7.79592 -7.40877 -7.32552 -6.85801 -7.81791 -7.17164 -7.60006 -7.14477 -7.65759 -7.36239 -7.79213 -7.5996 -7.55348 -7.35894 -6.76579 -7.43261 -7.42702 -7.51963 -7.36068 -6.91131 -7.69545 -7.64616 -7.27006 -7.66031 -7.58863 -7.5746 -7.32901 -7.58905 
0 0 0 0 0 0 0 0 0 0 0 0 58.7374 6.89346 3.33766 1.78767 5.22913 9.52011 4.56239 5.51771 7.10845 9.39069 10.4302 6.93448 3.09001 4.34209 -0.435461 -5.58519 9.28425 11.6476 10.3757 5.75342 4.88208 4.99888 5.2401 5.40783 5.60106 5.32291 5.2631 4.92721 5.61687 5.15255 5.46035 5.13324 5.50168 5.28959 5.59834 5.46002 5.42688 5.28711 4.86096 5.34004 5.33602 5.40256 5.28836 4.9655 5.52888 5.49346 5.22326 5.50363 5.45214 5.44205 5.26561 5.45244 
0 0 0 0 0 0 0 0 0 0 0 0 0 58.0809 -1.82419 1.16832 4.42284 6.71905 7.15948 5.43041 4.08463 3.12608 5.97035 -2.25272 -2.7636 7.51441 -0.0181849 4.42495 1.61605 2.34513 5.03328 12.3349 1.89506 1.9404 2.03403 2.09914 2.17415 2.06618 2.04296 1.91258 2.18028 2.00005 2.11953 1.99255 2.13557 2.05324 2.17309 2.1194 2.10653 2.05228 1.88686 2.07283 2.07127 2.0971 2.05277 1.92744 2.14613 2.13238 2.02749 2.13633 2.11634 2.11242 2.04393 2.11646 
0 0 0 0 0 0 0 0 0 0 0 0 0 0 58.6229 3.17046 5.06779 0.944758 6.24047 7.66869 3.65512 5.50753 0.166208 2.22997 4.10609 7.93794 -1.47086 8.6827 7.63174 -0.866326 1.44679 3.78598 4.89343 5.01051 5.25229 5.42041 5.61409 5.33529 5.27535 4.93868 5.62993 5.16453 5.47305 5.14518 5.51448 5.30189 5.61137 5.47272 5.4395 5.29941 4.87226 5.35246 5.34843 5.41513 5.30066 4.97706 5.54174 5.50624 5.23541 5.51643 5.46482 5.45471 5.27786 5.46512 
0 0 0 0 0 0 0 0 0 0 0 0 0 0 0 -57.6834 -6.37733 -3.88226 0.744097 -5.65395 -0.286362 0.151715 -2.57106 -2.56597 -3.44696 -4.97057 -1.68245 -3.93519 3.72285 0.346624 -5.94098 -4.64321 -3.04848 -3.12141 -3.27203 -3.37677 -3.49742 -3.32374 -3.2864 -3.07666 -3.50729 -3.21736 -3.40956 -3.2053 -3.43537 -3.30293 -3.49573 -3.40935 -3.38866 -3.30139 -3.03529 -3.33444 -3.33193 -3.37348 -3.30217 -3.10057 -3.45235 -3.43024 -3.26151 -3.43659 -3.40443 -3.39814 -3.28796 -3.40462 
0 0 0 0 0 0 0 0 0 0 0 0 0 0 0 0 58.7893 2.21089 5.08669 2.56185 6.68154 1.81889 -1.89991 7.1719 4.82388 1.60315 6.32745 1.35068 5.21244 0.135398 -3.39278 2.30077 1.90653 1.95215 2.04634 2.11185 2.18731 2.07868 2.05533 1.92416 2.19348 2.01215 2.13236 2.00461 2.1485 2.06567 2.18625 2.13223 2.11929 2.0647 1.89828 2.08537 2.0838 2.10979 2.06519 1.93911 2.15912 2.14529 2.03977 2.14926 2.12915 2.12521 2.05631 2.12927 
0 0 0 0 0 0 0 0 0 0 0 0 0 0 0 0 0 57.3348 3.60035 -0.0778013 -1.43689 -2.61113 8.53163 0.305506 10.2729 0.532907 2.33502 0.609291 1.39919 4.11257 2.28008 -0.149617 2.6648 2.72855 2.86022 2.95177 3.05724 2.90542 2.87277 2.68943 3.06587 2.81243 2.98044 2.80189 3.003 2.88723 3.05576 2.98026 2.96217 2.88588 2.65327 2.91477 2.91258 2.94889 2.88656 2.71034 3.01784 2.99851 2.85102 3.00406 2.97595 2.97045 2.87414 2.97612 
0 0 0 0 0 0 0 0 0 0 0 0 0 0 0 0 0 0 59.1037 2.17349 10.5937 4.8359 -1.74469 3.33502 -0.414131 7.70293 -2.5769 4.45075 10.5707 12.4457 5.54722 4.17615 3.21857 3.29557 3.4546 3.56518 3.69257 3.5092 3.46977 3.24833 3.70299 3.39688 3.5998 3.38415 3.62705 3.48723 3.69078 3.59959 3.57774 3.4856 3.20465 3.52049 3.51784 3.56171 3.48642 3.27357 3.64498 3.62164 3.4435 3.62834 3.59439 3.58774 3.47142 3.59459 
0 0 0 0 0 0 0 0 0 0 0 0 0 0 0 0 0 0 0 -54.5567 -2.8921 -0.551521 -1.12013 3.80578 -0.315552 -6.89679 -12.5142 -5.70571 0.821889 -4.95154 2.26604 -1.54163 -2.60316 -2.66544 -2.79406 -2.88349 -2.98653 -2.83821 -2.80633 -2.62723 -2.99495 -2.74738 -2.9115 -2.73708 -2.93354 -2.82045 -2.98508 -2.91132 -2.89365 -2.81913 -2.5919 -2.84735 -2.84521 -2.88069 -2.81979 -2.64764 -2.94804 -2.92916 -2.78508 -2.93458 -2.90712 -2.90174 -2.80766 -2.90728 
0 0 0 0 0 0 0 0 0 0 0 0 0 0 0 0 0 0 0 0 55.4336 2.1402 0.354348 6.27923 6.12346 -3.96513 5.46843 2.62975 1.76172 -2.33865 6.11124 3.05496 2.44304 2.50149 2.6222 2.70613 2.80283 2.66364 2.63371 2.46563 2.81073 2.57838 2.73241 2.56872 2.7531 2.64696 2.80147 2.73225 2.71566 2.64572 2.43247 2.67221 2.6702 2.70349 2.64635 2.48479 2.7667 2.74898 2.61377 2.75407 2.7283 2.72326 2.63496 2.72845 
0 0 0 0 0 0 0 0 0 0 0 0 0 0 0 0 0 0 0 0 0 -56.8819 -7.02716 5.56671 -5.32758 -5.47651 -3.29366 -3.97706 0.167356 3.6407 0.052735 -0.531976 -1.24044 -1.27011 -1.3314 -1.37402 -1.42312 -1.35244 -1.33725 -1.2519 -1.42713 -1.30916 -1.38736 -1.30425 -1.39786 -1.34398 -1.42242 -1.38728 -1.37886 -1.34335 -1.23507 -1.3568 -1.35577 -1.37268 -1.34366 -1.26163 -1.40477 -1.39578 -1.32712 -1.39836 -1.38528 -1.38271 -1.33788 -1.38535 
0 0 0 0 0 0 0 0 0 0 0 0 0 0 0 0 0 0 0 0 0 0 54.7176 4.78647 -4.2464 7.33992 6.77497 -0.0551863 1.89704 0.618093 3.14178 0.271254 2.41327 2.471 2.59024 2.67315 2.76867 2.63118 2.60161 2.43558 2.77648 2.54696 2.69911 2.53742 2.71954 2.6147 2.76733 2.69895 2.68257 2.61348 2.40283 2.63964 2.63766 2.67055 2.6141 2.45451 2.73299 2.71548 2.58192 2.72051 2.69505 2.69007 2.60285 2.6952 
0 0 0 0 0 0 0 0 0 0 0 0 0 0 0 0 0 0 0 0 0 0 0 -56.8329 3.08373 -8.86473 -3.71487 4.64485 -5.11433 0.906668 -3.92425 -0.272048 -0.997571 -1.02144 -1.07073 -1.105 -1.14448 -1.08765 -1.07543 -1.00679 -1.14771 -1.05284 -1.11573 -1.04889 -1.12418 -1.08084 -1.14393 -1.11566 -1.10889 -1.08033 -0.993255 -1.09115 -1.09033 -1.10392 -1.08059 -1.01462 -1.12973 -1.1225 -1.06728 -1.12457 -1.11405 -1.11199 -1.07594 -1.11411 
0 0 0 0 0 0 0 0 0 0 0 0 0 0 0 0 0 0 0 0 0 0 0 0 56.624 8.7121 -2.18756 3.83273 -3.11716 3.67052 6.57845 -1.42812 1.65487 1.69447 1.77623 1.83309 1.89859 1.8043 1.78403 1.67017 1.90394 1.74655 1.85089 1.74001 1.8649 1.79301 1.89766 1.85078 1.83954 1.79217 1.64771 1.81011 1.80875 1.8313 1.79259 1.68315 1.87412 1.86211 1.77052 1.86556 1.84811 1.84469 1.78488 1.84821 
0 0 0 0 0 0 0 0 0 0 0 0 0 0 0 0 0 0 0 0 0 0 0 0 0 54.0395 3.74046 -1.2489 0.249222 -1.20598 -3.39782 1.13116 0.836553 0.856567 0.8979 0.926641 0.959752 0.91209 0.901842 0.844287 0.96246 0.882898 0.93564 0.879589 0.942723 0.90638 0.959286 0.935584 0.929905 0.905956 0.832934 0.915025 0.914337 0.925738 0.90617 0.850848 0.947383 0.941315 0.895014 0.943057 0.934233 0.932505 0.902271 0.934285 
0 0 0 0 0 0 0 0 0 0 0 0 0 0 0 0 0 0 0 0 0 0 0 0 0 0 -56.0431 -7.19849 -5.27555 -1.86914 -7.85929 -3.48305 -0.865834 -0.886549 -0.929329 -0.959076 -0.993346 -0.944015 -0.933409 -0.873839 -0.996148 -0.913802 -0.96839 -0.910377 -0.975721 -0.938106 -0.992863 -0.968332 -0.962454 -0.937667 -0.862088 -0.947054 -0.946341 -0.958142 -0.937888 -0.88063 -0.980544 -0.974263 -0.926342 -0.976066 -0.966934 -0.965145 -0.933853 -0.966987 
0 0 0 0 0 0 0 0 0 0 0 0 0 0 0 0 0 0 0 0 0 0 0 0 0 0 0 -56.8262 1.30926 -0.839594 -3.91196 -0.600719 -1.76477 -1.80699 -1.89418 -1.95481 -2.02466 -1.92412 -1.9025 -1.78108 -2.03038 -1.86253 -1.9738 -1.85555 -1.98874 -1.91207 -2.02368 -1.97368 -1.9617 -1.91118 -1.75713 -1.93031 -1.92886 -1.95291 -1.91163 -1.79492 -1.99857 -1.98577 -1.88809 -1.98944 -1.97083 -1.96718 -1.9034 -1.97094 
0 0 0 0 0 0 0 0 0 0 0 0 0 0 0 0 0 0 0 0 0 0 0 0 0 0 0 0 57.8373 1.48534 3.21444 -1.9971 1.70152 1.74223 1.8263 1.88476 1.95211 1.85516 1.83432 1.71726 1.95762 1.79579 1.90306 1.78906 1.91747 1.84355 1.95116 1.90295 1.8914 1.84269 1.69416 1.86114 1.85973 1.88293 1.84312 1.7306 1.92695 1.91461 1.82043 1.91815 1.9002 1.89669 1.83519 1.90031 
0 0 0 0 0 0 0 0 0 0 0 0 0 0 0 0 0 0 0 0 0 0 0 0 0 0 0 0 0 -52.2398 1.57385 -2.29463 -2.1877 -2.24004 -2.34813 -2.42329 -2.50988 -2.38524 -2.35844 -2.20793 -2.51696 -2.3089 -2.44683 -2.30025 -2.46535 -2.37031 -2.50866 -2.44668 -2.43183 -2.3692 -2.17824 -2.39292 -2.39112 -2.42093 -2.36976 -2.22508 -2.47754 -2.46167 -2.34058 -2.46622 -2.44315 -2.43863 -2.35956 -2.44328 
0 0 0 0 0 0 0 0 0 0 0 0 0 0 0 0 0 0 0 0 0 0 0 0 0 0 0 0 0 0 -53.1805 -1.74704 -1.49231 -1.52801 -1.60175 -1.65302 -1.71208 -1.62706 -1.60878 -1.50611 -1.71691 -1.57499 -1.66907 -1.56908 -1.68171 -1.61688 -1.71125 -1.66897 -1.65884 -1.61612 -1.48586 -1.6323 -1.63107 -1.65141 -1.6165 -1.51781 -1.69002 -1.67919 -1.5966 -1.6823 -1.66656 -1.66348 -1.60955 -1.66665 
0 0 0 0 0 0 0 0 0 0 0 0 0 0 0 0 0 0 0 0 0 0 0 0 0 0 0 0 0 0 0 -51.5187 -1.23524 -1.26479 -1.32582 -1.36826 -1.41715 -1.34677 -1.33164 -1.24666 -1.42115 -1.30367 -1.38155 -1.29878 -1.392 -1.33834 -1.41646 -1.38146 -1.37308 -1.33771 -1.22989 -1.35111 -1.35009 -1.36692 -1.33803 -1.25634 -1.39888 -1.38992 -1.32156 -1.3925 -1.37947 -1.37692 -1.33227 -1.37954 
0 0 0 0 0 0 0 0 0 0 0 0 0 0 0 0 0 0 0 0 0 0 0 0 0 0 0 0 0 0 0 0 -58.1926 -1.57088 -1.77405 0.964481 0.607463 2.00846 -1.70869 3.22917 -11.5991 -2.14491 0.867592 -3.33562 -6.96243 1.23865 -1.99231 0.648719 -2.14406 1.78257 0.788722 -2.70626 -9.00285 -0.144333 -1.95548 1.02552 4.66391 -8.43882 2.94003 -3.47773 -7.97741 -7.11171 2.53577 4.25632 
0 0 0 0 0 0 0 0 0 0 0 0 0 0 0 0 0 0 0 0 0 0 0 0 0 0 0 0 0 0 0 0 0 54.862 1.97467 2.23948 3.5756 -0.598025 -0.0123137 -10.8214 4.72979 3.70408 -3.05317 -0.354818 0.408964 7.54114 -7.14098 7.74327 0.149759 1.35255 -3.29521 1.97098 3.48363 1.71191 2.05107 -1.59255 4.3358 3.68178 2.23127 -5.84439 2.88556 -5.95241 -3.52728 6.37247 
0 0 0 0 0 0 0 0 0 0 0 0 0 0 0 0 0 0 0 0 0 0 0 0 0 0 0 0 0 0 0 0 0 0 -58.5562 -4.60504 -1.39922 -0.593835 -1.52383 -0.290799 4.97739 -4.76616 3.30744 0.849638 -2.22981 -6.33783 -2.34617 4.65351 3.12385 -3.92568 2.65189 3.07951 -2.78714 1.91119 -5.25101 -14.5736 1.82864 -6.95528 0.823708 -1.43807 7.71681 -2.59942 2.87273 -2.54097 
0 0 0 0 0 0 0 0 0 0 0 0 0 0 0 0 0 0 0 0 0 0 0 0 0 0 0 0 0 0 0 0 0 0 0 57.9764 -7.23451 1.26291 0.739717 14.9371 5.91831 1.77381 4.47221 12.7997 5.16833 2.34919 -1.52144 7.65137 8.98555 -3.19575 0.44541 2.46648 9.15055 2.62861 11.5484 -5.22316 1.10844 -6.5947 0.488052 4.59796 1.79919 -0.902739 3.80235 -3.18355 
0 0 0 0 0 0 0 0 0 0 0 0 0 0 0 0 0 0 0 0 0 0 0 0 0 0 0 0 0 0 0 0 0 0 0 0 58.452 -0.790122 2.05117 3.34201 7.50234 -6.06114 0.0798487 -0.786491 -3.45867 2.82589 10.006 1.27233 0.38005 5.96221 6.37393 -2.24966 1.19841 8.73484 3.41021 2.62464 3.32398 7.33367 3.47643 0.217081 0.322283 3.01035 3.17727 -3.01737 
0 0 0 0 0 0 0 0 0 0 0 0 0 0 0 0 0 0 0 0 0 0 0 0 0 0 0 0 0 0 0 0 0 0 0 0 0 57.921 -3.71657 0.13059 1.21628 0.205265 6.60392 3.16734 3.22805 4.42726 3.8921 8.87767 8.15636 8.53539 -3.47659 2.70311 -0.773496 1.51077 2.4397 4.34692 -2.65973 -1.31266 4.52435 1.26756 3.76209 8.41071 3.79239 2.68603 
0 0 0 0 0 0 0 0 0 0 0 0 0 0 0 0 0 0 0 0 0 0 0 0 0 0 0 0 0 0 0 0 0 0 0 0 0 0 -60.2736 0.531146 -2.5932 -5.23073 -3.07755 4.21046 -2.71244 0.0637297 1.26797 -2.44063 -7.76656 3.6612 -1.87234 -5.68114 -0.574092 -5.57197 -6.6251 -1.75446 2.86418 1.85085 -3.19052 1.02015 -6.30328 -0.5757 0.263982 -1.78092 
0 0 0 0 0 0 0 0 0 0 0 0 0 0 0 0 0 0 0 0 0 0 0 0 0 0 0 0 0 0 0 0 0 0 0 0 0 0 0 -54.8153 -4.17366 0.952127 -2.28469 4.97117 2.35254 0.0558519 -2.91938 -3.64375 -3.78216 -0.893988 -5.0252 -1.24759 -1.10341 -5.90317 -0.290659 0.410668 4.52766 -1.07392 2.56491 2.08932 1.5783 -2.4575 10.0268 -4.77441 
0 0 0 0 0 0 0 0 0 0 0 0 0 0 0 0 0 0 0 0 0 0 0 0 0 0 0 0 0 0 0 0 0 0 0 0 0 0 0 0 56.6895 6.65884 -1.50125 1.4968 -1.14783 4.13829 0.0328752 7.34217 -0.494159 -0.732495 0.702365 11.0378 10.2417 2.69138 3.17359 -0.0438645 5.17508 0.0944208 -1.79493 2.80331 3.45169 0.274226 6.53777 9.96721 
0 0 0 0 0 0 0 0 0 0 0 0 0 0 0 0 0 0 0 0 0 0 0 0 0 0 0 0 0 0 0 0 0 0 0 0 0 0 0 0 0 57.2279 -1.0901 -0.57797 2.65083 -5.4964 -3.09935 -0.890034 2.09566 4.11579 -0.542456 7.77779 1.00869 -3.38145 -1.52273 -1.50271 3.85124 8.56289 4.68271 -4.4721 4.59745 2.41216 3.77252 4.25994 
0 0 0 0 0 0 0 0 0 0 0 0 0 0 0 0 0 0 0 0 0 0 0 0 0 0 0 0 0 0 0 0 0 0 0 0 0 0 0 0 0 0 -54.0654 -3.43386 1.88977 4.40318 0.259745 -8.82416 -6.16617 -5.03304 -0.0269797 -5.05939 0.805411 3.95689 3.71328 -2.2121 1.51592 -8.76129 -0.315151 -8.13486 3.18573 4.91962 3.85516 -3.57153 
0 0 0 0 0 0 0 0 0 0 0 0 0 0 0 0 0 0 0 0 0 0 0 0 0 0 0 0 0 0 0 0 0 0 0 0 0 0 0 0 0 0 0 54.2423 1.16077 8.44578 4.15056 -7.73319 -4.26391 -2.35439 0.69358 2.91161 8.87873 0.860443 0.890643 1.18286 -1.64798 6.91309 1.10938 0.637861 0.656525 -5.52538 1.81566 8.65475 
0 0 0 0 0 0 0 0 0 0 0 0 0 0 0 0 0 0 0 0 0 0 0 0 0 0 0 0 0 0 0 0 0 0 0 0 0 0 0 0 0 0 0 0 -55.6091 -8.37643 -3.92863 -4.06946 -10.073 5.12546 -4.12021 1.74848 1.15897 -5.31785 -9.60419 4.00118 -1.14684 -2.20769 -8.88632 -10.0914 -3.24845 -2.18718 -0.826673 5.33669 
0 0 0 0 0 0 0 0 0 0 0 0 0 0 0 0 0 0 0 0 0 0 0 0 0 0 0 0 0 0 0 0 0 0 0 0 0 0 0 0 0 0 0 0 0 54.6544 5.22244 -2.48284 -3.41699 1.24472 2.80213 -5.07014 -7.36737 4.10604 5.71921 -0.888745 2.10964 1.93087 -2.41173 -0.0558709 -1.45129 1.75601 5.98299 1.53741 
0 0 0 0 0 0 0 0 0 0 0 0 0 0 0 0 0 0 0 0 0 0 0 0 0 0 0 0 0 0 0 0 0 0 0 0 0 0 0 0 0 0 0 0 0 0 54.3272 -1.08528 -4.03419 2.74838 -2.45894 -2.65259 2.58817 4.96131 -0.891975 -4.55204 0.539712 -2.51799 -2.58809 0.271558 4.56878 -0.510631 1.45056 -2.95712 
0 0 0 0 0 0 0 0 0 0 0 0 0 0 0 0 0 0 0 0 0 0 0 0 0 0 0 0 0 0 0 0 0 0 0 0 0 0 0 0 0 0 0 0 0 0 0 -51.7179 -1.54897 1.91147 6.82546 4.43354 0.469559 1.03743 1.3775 -0.689521 -3.80289 3.52915 -9.71663 -5.52443 -1.20471 -0.564233 -8.26844 3.18319 
0 0 0 0 0 0 0 0 0 0 0 0 0 0 0 0 0 0 0 0 0 0 0 0 0 0 0 0 0 0 0 0 0 0 0 0 0 0 0 0 0 0 0 0 0 0 0 0 -56.8371 -4.7276 8.12709 8.54738 -2.46833 -0.525493 5.28358 -3.2043 -0.674902 1.3027 4.58084 -5.68014 -1.40091 4.39749 -3.53327 -6.60355 
0 0 0 0 0 0 0 0 0 0 0 0 0 0 0 0 0 0 0 0 0 0 0 0 0 0 0 0 0 0 0 0 0 0 0 0 0 0 0 0 0 0 0 0 0 0 0 0 0 -56.5571 2.33398 -2.52552 -1.74673 4.71471 0.232875 -1.85131 -3.1668 -0.40304 1.53106 2.07009 4.44177 -0.671091 -1.68339 -1.97504 
0 0 0 0 0 0 0 0 0 0 0 0 0 0 0 0 0 0 0 0 0 0 0 0 0 0 0 0 0 0 0 0 0 0 0 0 0 0 0 0 0 0 0 0 0 0 0 0 0 0 53.233 4.98024 1.5576 -0.695911 0.351482 -0.100622 1.24669 -7.5739 1.98706 -1.69441 3.8402 1.78003 3.38547 3.94706 
0 0 0 0 0 0 0 0 0 0 0 0 0 0 0 0 0 0 0 0 0 0 0 0 0 0 0 0 0 0 0 0 0 0 0 0 0 0 0 0 0 0 0 0 0 0 0 0 0 0 0 54.1834 1.25282 0.698137 -0.748445 2.60217 -3.83183 6.59653 0.164275 5.85108 4.66522 -1.7871 -9.16482 -6.1457 
0 0 0 0 0 0 0 0 0 0 0 0 0 0 0 0 0 0 0 0 0 0 0 0 0 0 0 0 0 0 0 0 0 0 0 0 0 0 0 0 0 0 0 0 0 0 0 0 0 0 0 0 53.0743 5.79906 0.278442 -2.99147 2.43625 -2.02674 4.49234 4.90167 7.32316 -0.757129 -2.98857 -0.227769 
0 0 0 0 0 0 0 0 0 0 0 0 0 0 0 0 0 0 0 0 0 0 0 0 0 0 0 0 0 0 0 0 0 0 0 0 0 0 0 0 0 0 0 0 0 0 0 0 0 0 0 0 0 -57.3469 -0.700235 1.22478 -6.83804 -0.215448 -0.987561 -1.41357 -4.57213 1.34386 0.0124667 1.54198 
0 0 0 0 0 0 0 0 0 0 0 0 0 0 0 0 0 0 0 0 0 0 0 0 0 0 0 0 0 0 0 0 0 0 0 0 0 0 0 0 0 0 0 0 0 0 0 0 0 0 0 0 0 0 57.5986 1.06571 3.60145 8.45287 0.69406 -1.26948 -1.79664 -2.73624 3.0337 2.70342 
0 0 0 0 0 0 0 0 0 0 0 0 0 0 0 0 0 0 0 0 0 0 0 0 0 0 0 0 0 0 0 0 0 0 0 0 0 0 0 0 0 0 0 0 0 0 0 0 0 0 0 0 0 0 0 -56.4122 -0.597765 5.38104 -2.16056 0.48309 6.63228 -1.44375 -5.68783 -8.02998 
0 0 0 0 0 0 0 0 0 0 0 0 0 0 0 0 0 0 0 0 0 0 0 0 0 0 0 0 0 0 0 0 0 0 0 0 0 0 0 0 0 0 0 0 0 0 0 0 0 0 0 0 0 0 0 0 -53.967 -7.0895 2.12694 -0.364556 1.04885 -4.64551 -5.95001 -4.31872 
0 0 0 0 0 0 0 0 0 0 0 0 0 0 0 0 0 0 0 0 0 0 0 0 0 0 0 0 0 0 0 0 0 0 0 0 0 0 0 0 0 0 0 0 0 0 0 0 0 0 0 0 0 0 0 0 0 52.6722 1.4253 4.95363 2.36264 -1.70541 -6.14576 -7.2467 
0 0 0 0 0 0 0 0 0 0 0 0 0 0 0 0 0 0 0 0 0 0 0 0 0 0 0 0 0 0 0 0 0 0 0 0 0 0 0 0 0 0 0 0 0 0 0 0 0 0 0 0 0 0 0 0 0 0 -59.0562 -2.25862 4.49784 -0.847019 -0.714337 6.10558 
0 0 0 0 0 0 0 0 0 0 0 0 0 0 0 0 0 0 0 0 0 0 0 0 0 0 0 0 0 0 0 0 0 0 0 0 0 0 0 0 0 0 0 0 0 0 0 0 0 0 0 0 0 0 0 0 0 0 0 54.8806 -8.44937 -3.86457 1.78984 4.18213 
0 0 0 0 0 0 0 0 0 0 0 0 0 0 0 0 0 0 0 0 0 0 0 0 0 0 0 0 0 0 0 0 0 0 0 0 0 0 0 0 0 0 0 0 0 0 0 0 0 0 0 0 0 0 0 0 0 0 0 0 -50.855 -5.8576 -0.0459305 4.57728 
0 0 0 0 0 0 0 0 0 0 0 0 0 0 0 0 0 0 0 0 0 0 0 0 0 0 0 0 0 0 0 0 0 0 0 0 0 0 0 0 0 0 0 0 0 0 0 0 0 0 0 0 0 0 0 0 0 0 0 0 0 -52.5182 0.695566 -0.167215 
0 0 0 0 0 0 0 0 0 0 0 0 0 0 0 0 0 0 0 0 0 0 0 0 0 0 0 0 0 0 0 0 0 0 0 0 0 0 0 0 0 0 0 0 0 0 0 0 0 0 0 0 0 0 0 0 0 0 0 0 0 0 -53.1609 -4.2655 
0 0 0 0 0 0 0 0 0 0 0 0 0 0 0 0 0 0 0 0 0 0 0 0 0 0 0 0 0 0 0 0 0 0 0 0 0 0 0 0 0 0 0 0 0 0 0 0 0 0 0 0 0 0 0 0 0 0 0 0 0 0 0 -49.9627 
