-234.716 -176.434 -175.027 -174.869 -180.562 -175.787 -174.553 -171.625 -175.817 -181.465 -171.977 -173.546 -188.278 -182.584 -183.464 -171.638 -162.975 -175.626 -180.179 -168.078 -177.629 -174.729 -177.99 -182.395 -176.715 -168.254 -177.121 -169.126 -181.801 -176.928 -179.687 -176.782 
0 -151.025 -56.5703 -64.1904 -56.3613 -69.0448 -61.1322 -74.1725 -61.8962 -60.431 -59.2299 -67.5887 -64.5216 -64.294 -60.785 -68.0129 -58.0029 -62.5051 -64.1256 -59.8189 -63.2183 -62.1861 -63.3466 -64.9145 -62.8929 -59.8816 -63.0373 -60.1919 -64.703 -62.9686 -63.9507 -62.9167 
0 0 -141.161 -45.3442 -39.154 -51.0294 -41.2086 -43.45 -40.687 -49.7629 -48.2332 -35.3706 -45.3741 -42.1531 -43.2591 -36.2961 -39.8658 -42.9602 -44.0739 -41.1139 -43.4503 -42.7409 -43.5385 -44.6161 -43.2267 -41.157 -43.3259 -41.3703 -44.4708 -43.2788 -43.9538 -43.2431 
0 0 0 -125.026 -19.692 -18.5638 -31.5521 -15.0937 -20.8093 -20.6715 -19.9167 -13.3685 -28.4789 -29.0587 -18.4943 -21.2351 -21.4798 -23.147 -23.7471 -22.1523 -23.4111 -23.0289 -23.4587 -24.0393 -23.2907 -22.1755 -23.3441 -22.2904 -23.961 -23.3187 -23.6824 -23.2995 
0 0 0 0 -130.696 -29.5272 -23.4137 -26.4395 -29.1703 -25.4285 -28.909 -22.9716 -38.5878 -22.8703 -23.4364 -19.1587 -23.3581 -25.1712 -25.8237 -24.0894 -25.4583 -25.0427 -25.51 -26.1414 -25.3273 -24.1146 -25.3855 -24.2396 -26.0563 -25.3578 -25.7533 -25.3369 
0 0 0 0 0 126.198 21.5886 30.5669 25.1689 24.206 21.2942 24.5433 32.7293 18.8773 27.4287 35.298 21.237 22.8854 23.4787 21.9019 23.1465 22.7686 23.1935 23.7675 23.0274 21.9248 23.0802 22.0384 23.6901 23.0551 23.4147 23.0361 
0 0 0 0 0 0 123.563 12.0034 23.1402 16.0129 16.0563 16.8275 16.9625 5.81551 20.7124 28.6672 13.1054 14.1227 14.4888 13.5157 14.2838 14.0506 14.3128 14.667 14.2103 13.5299 14.2429 13.6 14.6193 14.2274 14.4493 14.2157 
0 0 0 0 0 0 0 -123.122 -16.7628 -17.179 -8.69151 -8.44783 -14.6849 -7.59216 -15.1477 -12.0856 -14.5252 -15.6526 -16.0584 -14.9799 -15.8312 -15.5728 -15.8634 -16.256 -15.7498 -14.9956 -15.7859 -15.0734 -16.203 -15.7687 -16.0146 -15.7557 
0 0 0 0 0 0 0 0 124.758 12.2335 15.1582 7.3776 14.1017 12.3914 19.7275 5.26971 12.0765 13.0138 13.3512 12.4546 13.1623 12.9474 13.189 13.5155 13.0946 12.4676 13.1246 12.5322 13.4715 13.1103 13.3148 13.0995 
0 0 0 0 0 0 0 0 0 -119.804 -17.7626 -2.16307 -10.9348 -7.53583 -21.7887 -12.7145 -11.2456 -12.1185 -12.4326 -11.5976 -12.2567 -12.0566 -12.2816 -12.5856 -12.1936 -11.6098 -12.2216 -11.67 -12.5446 -12.2083 -12.3987 -12.1983 
0 0 0 0 0 0 0 0 0 0 -119.478 -1.67361 -16.4102 -13.6871 -8.70236 -14.437 -9.35078 -10.0766 -10.3378 -9.64354 -10.1916 -10.0252 -10.2122 -10.465 -10.1391 -9.65365 -10.1624 -9.70368 -10.4309 -10.1513 -10.3096 -10.143 
0 0 0 0 0 0 0 0 0 0 0 -121.259 -8.49496 -6.11739 -9.37938 -11.6514 -9.84145 -10.6054 -10.8803 -10.1496 -10.7264 -10.5512 -10.7481 -11.0142 -10.6712 -10.1602 -10.6957 -10.2129 -10.9783 -10.684 -10.8506 -10.6752 
0 0 0 0 0 0 0 0 0 0 0 0 -118.965 -0.644541 -1.35574 -9.96276 -6.15733 -6.63527 -6.80729 -6.35011 -6.71098 -6.60141 -6.7246 -6.89104 -6.67644 -6.35677 -6.69176 -6.38971 -6.86859 -6.68448 -6.78873 -6.67897 
0 0 0 0 0 0 0 0 0 0 0 0 0 -120.834 -9.94418 -10.9195 -6.30868 -6.79836 -6.9746 -6.50619 -6.87592 -6.76366 -6.88988 -7.06041 -6.84054 -6.51301 -6.85624 -6.54676 -7.03741 -6.84877 -6.95559 -6.84313 
0 0 0 0 0 0 0 0 0 0 0 0 0 0 118.497 11.7512 8.32405 8.97017 9.20272 8.58467 9.07252 8.92439 9.09093 9.31594 9.02583 8.59367 9.04655 8.6382 9.28559 9.03669 9.17763 9.02924 
0 0 0 0 0 0 0 0 0 0 0 0 0 0 0 -110.655 -5.26271 -5.6712 -5.81823 -5.42747 -5.73591 -5.64226 -5.74755 -5.8898 -5.70639 -5.43316 -5.71949 -5.46132 -5.87062 -5.71326 -5.80236 -5.70855 
0 0 0 0 0 0 0 0 0 0 0 0 0 0 0 0 -114.746 -7.3983 -2.16996 5.54673 -18.662 -2.16123 -17.6329 -12.9136 -6.8142 -4.61049 -14.2491 -3.61395 -2.55268 4.92578 -6.09355 -6.91828 
0 0 0 0 0 0 0 0 0 0 0 0 0 0 0 0 0 -118.436 -6.17045 -19.4476 -0.0141277 -12.2576 -7.94084 -12.4108 2.6615 -2.82529 -8.37723 -4.35113 4.1939 -7.55607 5.04633 2.38401 
0 0 0 0 0 0 0 0 0 0 0 0 0 0 0 0 0 0 -118.835 -5.43275 -10.7024 -5.76344 -3.47614 -21.3606 -11.2589 -11.4148 -4.55536 -9.9573 -5.61426 -7.94032 -11.892 -8.62728 
0 0 0 0 0 0 0 0 0 0 0 0 0 0 0 0 0 0 0 118.475 5.81182 2.72636 5.23185 4.15851 11.5965 5.3681 9.82633 8.51823 -0.0151565 4.44837 13.2616 5.59567 
0 0 0 0 0 0 0 0 0 0 0 0 0 0 0 0 0 0 0 0 -117.874 -2.20045 3.31926 -1.11873 -6.3597 -12.059 -9.80652 -6.49108 -15.7794 2.48961 -9.44321 -13.1536 
0 0 0 0 0 0 0 0 0 0 0 0 0 0 0 0 0 0 0 0 0 112.601 9.87809 -3.36912 9.03849 5.78623 1.35606 0.00149526 7.2861 5.9923 -4.30114 7.00817 
0 0 0 0 0 0 0 0 0 0 0 0 0 0 0 0 0 0 0 0 0 0 -114.128 -2.56789 -13.5093 0.22844 -7.7111 -13.9582 -6.63824 -12.842 -9.2429 -6.49494 
0 0 0 0 0 0 0 0 0 0 0 0 0 0 0 0 0 0 0 0 0 0 0 111.044 -3.29304 -0.669136 2.85171 0.639186 -0.985184 7.00636 5.64264 2.1519 
0 0 0 0 0 0 0 0 0 0 0 0 0 0 0 0 0 0 0 0 0 0 0 0 118.523 -4.71931 -1.19967 2.47864 3.22711 -2.48525 4.83907 6.80715 
0 0 0 0 0 0 0 0 0 0 0 0 0 0 0 0 0 0 0 0 0 0 0 0 0 -114.094 -1.60969 -4.86984 -9.41112 -9.25669 -3.43278 -0.212948 
0 0 0 0 0 0 0 0 0 0 0 0 0 0 0 0 0 0 0 0 0 0 0 0 0 0 -116.721 0.133344 -3.92095 -8.1869 -9.07486 3.55162 
0 0 0 0 0 0 0 0 0 0 0 0 0 0 0 0 0 0 0 0 0 0 0 0 0 0 0 120.369 2.78047 2.63938 1.46541 13.9594 
0 0 0 0 0 0 0 0 0 0 0 0 0 0 0 0 0 0 0 0 0 0 0 0 0 0 0 0 -115.09 -7.10842 1.17537 -3.87812 
0 0 0 0 0 0 0 0 0 0 0 0 0 0 0 0 0 0 0 0 0 0 0 0 0 0 0 0 0 -119.841 4.96166 -5.69257 
0 0 0 0 0 0 0 0 0 0 0 0 0 0 0 0 0 0 0 0 0 0 0 0 0 0 0 0 0 0 -110.456 2.20769 
0 0 0 0 0 0 0 0 0 0 0 0 0 0 0 0 0 0 0 0 0 0 0 0 0 0 0 0 0 0 0 113.805 
