-165.969 -124.758 -123.763 -123.651 -127.676 -124.3 -123.428 -121.358 -124.321 -128.315 -121.606 -122.716 -133.133 -129.106 -129.729 -121.366 -115.658 -124.61 -124.7 -124.803 -132.409 -118.09 -111.517 -126.797 -122.019 -125.448 -127.49 -122.559 -131.174 -121.194 -129.357 -122.341 -113.879 -116.603 -122.23 -126.142 -130.65 -124.162 -122.766 -114.932 -131.018 -120.188 -127.367 -119.737 -128.332 -123.384 -130.586 -127.36 -126.587 -123.327 -113.386 -124.561 -124.467 -126.019 -123.356 -115.825 -128.966 -128.14 -121.837 -128.377 -127.176 -126.941 -122.825 -127.183 
0 -106.791 -40.0012 -45.3894 -39.8534 -48.822 -43.227 -52.4479 -43.7672 -42.7312 -41.8819 -47.7924 -45.6236 -45.4627 -42.9815 -48.0924 -43.1935 -47.0692 -41.0092 -45.7162 -50.3834 -33.7807 -44.344 -40.4375 -40.2138 -38.8368 -43.4896 -41.1778 -40.8369 -45.0542 -40.0876 -49.1782 -40.5294 -41.4991 -43.5016 -44.894 -46.4982 -44.189 -43.6926 -40.9041 -46.6294 -42.7748 -45.33 -42.6145 -45.6732 -43.9124 -46.4756 -45.3273 -45.0522 -43.8919 -40.3541 -44.3313 -44.2979 -44.8503 -43.9022 -41.222 -45.8989 -45.605 -43.3618 -45.6893 -45.2618 -45.1781 -43.7134 -45.2644 
0 0 99.8162 32.0632 27.6861 36.0832 29.1389 30.7238 28.77 35.1877 34.106 25.0108 32.0843 29.8067 30.5888 25.6652 34.2135 24.2027 29.9398 32.2351 24.45 30.8915 31.5782 26.6964 30.9481 24.0728 29.6411 29.8445 21.4071 35.4057 29.979 31.2532 27.8561 28.5226 29.8989 30.856 31.9585 30.3714 30.0302 28.1137 32.0487 29.3994 31.1556 29.2892 31.3915 30.1813 31.943 31.1537 30.9647 30.1672 27.7356 30.4692 30.4462 30.8259 30.1743 28.3321 31.5466 31.3446 29.8028 31.4026 31.1088 31.0512 30.0445 31.1105 
0 0 0 -88.4069 -13.9244 -13.1266 -22.3107 -10.6728 -14.7144 -14.6169 -14.0832 -9.45296 -20.1376 -20.5476 -13.0774 -15.0155 -12.889 -10.1668 -12.8351 -9.93414 -13.9348 -14.8987 -25.0092 -21.5302 -11.9687 -12.0273 -12.7074 -14.1082 -17.2868 -17.5807 -14.627 -14.7757 -15.009 -15.368 -16.1096 -16.6253 -17.2193 -16.3642 -16.1803 -15.1477 -17.2679 -15.8405 -16.7867 -15.7811 -16.9138 -16.2618 -17.211 -16.7857 -16.6838 -16.2541 -14.944 -16.4169 -16.4045 -16.6091 -16.258 -15.2654 -16.9974 -16.8885 -16.0578 -16.9198 -16.7615 -16.7305 -16.188 -16.7624 
0 0 0 0 92.4162 20.8789 16.556 18.6956 20.6265 17.9806 20.4417 16.2434 27.2857 16.1718 16.572 13.5473 13.6051 15.2065 20.5505 17.1122 19.5618 23.5497 16.1368 21.2295 11.8439 22.9917 16.5073 21.4189 23.7426 17.3889 26.6977 18.752 16.3214 16.7119 17.5183 18.0791 18.7251 17.7952 17.5952 16.4723 18.7779 17.2256 18.2546 17.1611 18.3928 17.6838 18.716 18.2535 18.1428 17.6755 16.2508 17.8524 17.839 18.0615 17.6797 16.6003 18.4838 18.3654 17.462 18.3993 18.2272 18.1935 17.6036 18.2282 
0 0 0 0 0 89.2355 15.2654 21.6141 17.7971 17.1162 15.0573 17.3547 23.1431 13.3482 19.395 24.9595 16.2504 19.915 18.5745 19.0911 16.2609 15.3553 9.72534 15.534 9.60046 18.5162 11.3568 19.1053 18.4943 16.4418 19.1931 14.4134 14.8393 15.1943 15.9275 16.4373 17.0247 16.1792 15.9974 14.9765 17.0727 15.6614 16.597 15.6027 16.7226 16.0779 17.0164 16.596 16.4952 16.0704 14.7751 16.2313 16.2191 16.4213 16.0742 15.0929 16.8053 16.6976 15.8763 16.7285 16.572 16.5414 16.005 16.5729 
0 0 0 0 0 0 87.3722 8.48766 16.3626 11.3228 11.3535 11.8989 11.9943 4.11219 14.6459 20.2708 7.93811 13.5577 14.087 10.5381 7.89023 5.54025 16.9004 2.41944 9.1874 9.43116 10.0865 10.9831 6.531 11.6346 6.02157 9.65128 9.15738 9.37647 9.82892 10.1435 10.506 9.98425 9.87207 9.24204 10.5356 9.6647 10.242 9.62848 10.3196 9.92175 10.5009 10.2414 10.1793 9.91711 9.11777 10.0164 10.0088 10.1337 9.91945 9.31387 10.3706 10.3042 9.79733 10.3232 10.2266 10.2077 9.87677 10.2272 
0 0 0 0 0 0 0 -87.0604 -11.8531 -12.1474 -6.14582 -5.97352 -10.3838 -5.36847 -10.7111 -8.54584 -12.1942 -7.00095 -12.6555 -9.46293 -9.19992 -13.4081 -8.1993 -13.0126 -12.2281 -12.0623 -8.38128 -14.3107 -11.5839 -12.3505 -12.4463 -7.94565 -10.1494 -10.3923 -10.8937 -11.2424 -11.6442 -11.0659 -10.9416 -10.2433 -11.677 -10.7117 -11.3516 -10.6716 -11.4375 -10.9966 -11.6385 -11.3509 -11.282 -10.9915 -10.1055 -11.1015 -11.0932 -11.2315 -10.9941 -10.3229 -11.4941 -11.4205 -10.8587 -11.4416 -11.3345 -11.3136 -10.9468 -11.3352 
0 0 0 0 0 0 0 0 88.2176 8.65036 10.7185 5.21675 9.97144 8.76206 13.9495 3.72625 10.1506 12.3784 12.0978 6.31658 5.68341 7.40361 9.51219 8.4904 9.79762 5.17912 5.44651 11.0363 6.57022 5.29394 4.31736 10.9155 8.4384 8.64029 9.05722 9.34713 9.68113 9.20035 9.09698 8.51642 9.70844 8.90589 9.43791 8.87252 9.50935 9.14276 9.67643 9.43734 9.38006 9.13848 8.4019 9.22997 9.22302 9.33803 9.14064 8.5826 9.55636 9.49515 9.02811 9.51272 9.42372 9.40629 9.10131 9.42424 
0 0 0 0 0 0 0 0 0 -84.714 -12.56 -1.52952 -7.73204 -5.32864 -15.4069 -8.99049 -10.6327 -11.878 -10.2335 -7.16046 -1.3879 -5.71414 -6.582 -6.42745 -12.6894 -10.2818 -10.1932 -12.0837 -5.81239 -5.55555 -11.4562 -8.92962 -7.85782 -8.04581 -8.43406 -8.70402 -9.01504 -8.56734 -8.47108 -7.93046 -9.04047 -8.29314 -8.78855 -8.26206 -8.85508 -8.51371 -9.01066 -8.78802 -8.73468 -8.50973 -7.82382 -8.59492 -8.58845 -8.69554 -8.51173 -7.99209 -8.89885 -8.84186 -8.40695 -8.85822 -8.77534 -8.75911 -8.47512 -8.77582 
0 0 0 0 0 0 0 0 0 0 84.4835 1.18342 11.6038 9.67824 6.1535 10.2085 9.80802 2.43075 7.79546 8.60054 7.19974 9.50643 5.20329 6.86839 7.5331 5.09283 7.74613 7.02454 6.53274 10.2193 -1.29897 2.36229 6.53384 6.69016 7.01299 7.23747 7.49608 7.12382 7.04378 6.59425 7.51723 6.89582 7.30775 6.86997 7.36308 7.07922 7.49244 7.30732 7.26296 7.07591 6.50557 7.14675 7.14137 7.23042 7.07758 6.64549 7.39947 7.35208 6.99045 7.36568 7.29677 7.28327 7.04713 7.29717 
0 0 0 0 0 0 0 0 0 0 0 -85.7431 -6.00685 -4.32565 -6.63222 -8.23878 -5.48359 -9.27044 -15.2411 -12.9741 -8.3766 -3.72622 -8.60675 -9.55275 -18.2866 -7.84384 -6.00274 -3.29451 -6.77137 -15.3496 -2.8316 -16.0299 -6.8767 -7.04122 -7.38099 -7.61725 -7.88943 -7.49763 -7.41339 -6.94028 -7.91169 -7.25767 -7.69122 -7.23047 -7.74945 -7.4507 -7.8856 -7.69076 -7.64408 -7.44721 -6.84695 -7.52177 -7.5161 -7.60983 -7.44897 -6.99421 -7.78775 -7.73787 -7.35727 -7.75219 -7.67966 -7.66546 -7.41692 -7.68008 
0 0 0 0 0 0 0 0 0 0 0 0 84.1208 0.455759 0.958652 7.04473 8.62686 5.76936 6.48417 0.971119 8.20909 1.90664 2.42047 7.70297 -1.38949 -0.00692775 5.73847 6.87764 6.40661 6.23076 3.50665 4.151 4.30243 4.40536 4.61794 4.76575 4.93604 4.69092 4.63821 4.3422 4.94997 4.54078 4.81204 4.52376 4.84846 4.66155 4.93365 4.81175 4.78254 4.65937 4.28381 4.70601 4.70247 4.76111 4.66047 4.37595 4.87243 4.84122 4.6031 4.85018 4.8048 4.79591 4.64042 4.80507 
0 0 0 0 0 0 0 0 0 0 0 0 0 -85.4425 -7.0316 -7.72126 -4.12046 -10.5778 1.04841 -3.94514 0.893491 -12.8424 -11.704 -5.6522 -2.00438 -4.34554 -0.833298 -0.369028 -2.0756 -2.94492 -10.1875 -9.03652 -4.40818 -4.51364 -4.73144 -4.88289 -5.05737 -4.80621 -4.75221 -4.44893 -5.07164 -4.65239 -4.93031 -4.63495 -4.96763 -4.77613 -5.05491 -4.93001 -4.90009 -4.77389 -4.3891 -4.82168 -4.81805 -4.87813 -4.77502 -4.4835 -4.99219 -4.96021 -4.71623 -4.96939 -4.9229 -4.91379 -4.75448 -4.92317 
0 0 0 0 0 0 0 0 0 0 0 0 0 0 -83.7903 -8.30938 -7.77682 -2.98047 0.249179 -5.87344 -7.43683 -5.98611 -9.73387 -9.78668 -1.88718 -4.08574 -7.8947 -5.57938 -4.29633 -6.35589 -3.89016 -9.44592 -5.81642 -5.95557 -6.24295 -6.44279 -6.673 -6.34161 -6.27036 -5.87019 -6.69183 -6.13865 -6.50535 -6.11564 -6.5546 -6.30192 -6.66976 -6.50496 -6.46548 -6.29897 -5.79125 -6.36202 -6.35724 -6.43651 -6.30045 -5.91581 -6.587 -6.54481 -6.22289 -6.55692 -6.49557 -6.48356 -6.27335 -6.49593 
0 0 0 0 0 0 0 0 0 0 0 0 0 0 0 78.2451 3.78381 0.233462 5.41448 7.48659 0.938812 4.92353 5.46271 2.18792 0.777461 2.87738 5.82288 4.62179 1.85646 3.6862 11.3568 4.86933 3.67731 3.76528 3.94698 4.07331 4.21886 4.00935 3.9643 3.7113 4.23077 3.88103 4.11287 3.86649 4.14401 3.98425 4.21682 4.11263 4.08766 3.98239 3.6614 4.02226 4.01923 4.06935 3.98333 3.74015 4.16449 4.13782 3.93429 4.14548 4.10669 4.09909 3.96619 4.10692 
0 0 0 0 0 0 0 0 0 0 0 0 0 0 0 0 79.0542 4.09425 7.35118 11.278 1.19701 3.44671 10.3158 2.31884 3.84145 4.063 4.72902 1.59381 7.27525 -0.201941 3.42844 1.96206 3.97712 4.07227 4.26877 4.40541 4.56283 4.33623 4.28751 4.01389 4.5757 4.19745 4.4482 4.18172 4.48187 4.30909 4.56061 4.44793 4.42093 4.30707 3.95991 4.35019 4.34692 4.40112 4.30809 4.04508 4.50402 4.47518 4.25505 4.48346 4.44151 4.43329 4.28956 4.44175 
0 0 0 0 0 0 0 0 0 0 0 0 0 0 0 0 0 82.7915 1.74711 9.71521 5.92121 -0.939776 9.48943 8.53696 1.49884 9.4353 -0.810379 0.392531 8.15467 2.76736 -1.20543 6.5693 4.92537 5.0432 5.28656 5.45578 5.65073 5.37011 5.30977 4.9709 5.66667 5.19823 5.50876 5.17875 5.55046 5.33649 5.64798 5.50843 5.475 5.33399 4.90406 5.38739 5.38333 5.45046 5.33525 5.00953 5.5779 5.54217 5.26957 5.55243 5.50048 5.49031 5.3123 5.50078 
0 0 0 0 0 0 0 0 0 0 0 0 0 0 0 0 0 0 79.5665 6.07758 13.3712 8.4499 6.10607 2.89516 -2.33647 0.655225 4.36349 1.40089 7.91326 14.3329 -2.97813 1.48889 4.18183 4.28188 4.4885 4.63217 4.79769 4.55943 4.5082 4.22049 4.81122 4.4135 4.67715 4.39696 4.71256 4.53089 4.79536 4.67687 4.64849 4.52877 4.16374 4.5741 4.57066 4.62766 4.52983 4.25329 4.73586 4.70552 4.47407 4.71423 4.67012 4.66148 4.51035 4.67038 
0 0 0 0 0 0 0 0 0 0 0 0 0 0 0 0 0 0 0 -81.7282 0.553367 -5.38683 -2.46098 -6.60164 1.87293 -3.22451 -5.40373 -6.38091 -7.08092 -1.15637 -0.313657 -2.18545 -4.90873 -5.02617 -5.26871 -5.43735 -5.63164 -5.35197 -5.29184 -4.95411 -5.64753 -5.18068 -5.49016 -5.16126 -5.53172 -5.31847 -5.62891 -5.48983 -5.45651 -5.31598 -4.8875 -5.36919 -5.36515 -5.43206 -5.31723 -4.99261 -5.55906 -5.52346 -5.25177 -5.53368 -5.4819 -5.47176 -5.29436 -5.48221 
0 0 0 0 0 0 0 0 0 0 0 0 0 0 0 0 0 0 0 0 -79.8261 -4.31714 -10.404 -4.25283 4.73459 -2.08734 -1.28446 -6.39531 2.80709 5.0502 -1.02028 -4.81634 -1.73182 -1.77325 -1.85882 -1.91832 -1.98687 -1.8882 -1.86698 -1.74783 -1.99247 -1.82776 -1.93695 -1.82092 -1.95161 -1.87638 -1.9859 -1.93683 -1.92508 -1.8755 -1.72433 -1.89427 -1.89285 -1.91645 -1.87594 -1.76142 -1.96126 -1.9487 -1.85285 -1.9523 -1.93404 -1.93046 -1.86787 -1.93415 
0 0 0 0 0 0 0 0 0 0 0 0 0 0 0 0 0 0 0 0 0 78.2398 0.673589 5.66923 -2.04071 -0.721581 -3.52779 7.22982 4.60653 6.062 1.59841 4.03655 2.2985 2.35349 2.46706 2.54603 2.637 2.50605 2.47789 2.31975 2.64444 2.42584 2.57075 2.41675 2.59022 2.49036 2.63572 2.5706 2.555 2.48919 2.28856 2.51411 2.51222 2.54355 2.48978 2.33778 2.60302 2.58635 2.45913 2.59113 2.56689 2.56214 2.47907 2.56703 
0 0 0 0 0 0 0 0 0 0 0 0 0 0 0 0 0 0 0 0 0 0 -79.6887 3.03064 -4.52477 -10.2404 3.08048 -0.887433 1.7938 0.0703842 0.364944 0.723306 -3.47813 -3.56134 -3.73319 -3.85269 -3.99035 -3.79219 -3.74958 -3.51029 -4.00161 -3.67082 -3.8901 -3.65706 -3.91955 -3.76845 -3.98842 -3.88987 -3.86626 -3.76669 -3.46308 -3.8044 -3.80153 -3.84894 -3.76758 -3.53757 -3.93893 -3.9137 -3.72119 -3.92094 -3.88426 -3.87707 -3.75137 -3.88447 
0 0 0 0 0 0 0 0 0 0 0 0 0 0 0 0 0 0 0 0 0 0 0 -83.6877 -6.71372 -2.84861 -5.36255 -4.7855 -8.75738 -3.92596 -2.6623 -2.2547 -4.1472 -4.24642 -4.45133 -4.59381 -4.75796 -4.52167 -4.47087 -4.18554 -4.77138 -4.37696 -4.63842 -4.36055 -4.67354 -4.49337 -4.75565 -4.63815 -4.60999 -4.49127 -4.12926 -4.53623 -4.53281 -4.58934 -4.49233 -4.21807 -4.69664 -4.66656 -4.43702 -4.67519 -4.63145 -4.62288 -4.473 -4.63171 
0 0 0 0 0 0 0 0 0 0 0 0 0 0 0 0 0 0 0 0 0 0 0 0 75.1299 6.92989 -4.86128 -1.41423 -3.35393 -0.0590259 -3.52201 2.32715 2.00303 2.05096 2.14992 2.21874 2.29802 2.1839 2.15936 2.02155 2.30451 2.114 2.24029 2.10608 2.25725 2.17023 2.29691 2.24015 2.22656 2.16921 1.99437 2.19093 2.18928 2.21658 2.16972 2.03726 2.26841 2.25388 2.14301 2.25805 2.23692 2.23278 2.16039 2.23704 
0 0 0 0 0 0 0 0 0 0 0 0 0 0 0 0 0 0 0 0 0 0 0 0 0 83.0858 0.912344 5.23227 8.36999 0.251656 9.87616 3.95233 3.6789 3.76691 3.94868 4.07507 4.22069 4.01108 3.96602 3.71291 4.2326 3.88271 4.11465 3.86816 4.1458 3.98597 4.21864 4.1144 4.08943 3.98411 3.66298 4.02399 4.02096 4.07111 3.98505 3.74176 4.16629 4.13961 3.93599 4.14727 4.10846 4.10086 3.9679 4.10869 
0 0 0 0 0 0 0 0 0 0 0 0 0 0 0 0 0 0 0 0 0 0 0 0 0 0 81.5546 5.62709 4.79723 3.10644 4.65911 6.40196 3.43669 3.51891 3.68871 3.80678 3.94281 3.74701 3.70491 3.46846 3.95393 3.62708 3.84375 3.61349 3.87285 3.72355 3.9409 3.84352 3.82019 3.72181 3.42182 3.75907 3.75624 3.80308 3.72269 3.49542 3.892 3.86707 3.67686 3.87422 3.83797 3.83088 3.70667 3.83819 
0 0 0 0 0 0 0 0 0 0 0 0 0 0 0 0 0 0 0 0 0 0 0 0 0 0 0 -82.4558 1.36513 -0.458586 -2.36238 -3.05466 -2.63559 -2.69864 -2.82886 -2.91941 -3.02373 -2.87357 -2.84128 -2.65996 -3.03226 -2.7816 -2.94777 -2.77118 -2.97008 -2.85558 -3.02226 -2.94759 -2.9297 -2.85425 -2.62419 -2.88282 -2.88065 -2.91657 -2.85492 -2.68063 -2.98476 -2.96565 -2.81977 -2.97113 -2.94333 -2.93789 -2.84264 -2.9435 
0 0 0 0 0 0 0 0 0 0 0 0 0 0 0 0 0 0 0 0 0 0 0 0 0 0 0 0 81.8134 4.54584 12.8906 -0.534698 3.34086 3.42079 3.58585 3.70063 3.83287 3.64252 3.6016 3.37174 3.84368 3.52594 3.73657 3.51273 3.76486 3.61972 3.831 3.73635 3.71367 3.61803 3.3264 3.65425 3.6515 3.69703 3.61888 3.39795 3.78347 3.75924 3.57433 3.76619 3.73095 3.72405 3.60331 3.73116 
0 0 0 0 0 0 0 0 0 0 0 0 0 0 0 0 0 0 0 0 0 0 0 0 0 0 0 0 0 86.679 8.19163 1.23822 3.4268 3.50878 3.6781 3.79583 3.93146 3.73623 3.69425 3.45848 3.94256 3.61665 3.83269 3.60309 3.86171 3.71284 3.92956 3.83246 3.8092 3.7111 3.41198 3.74825 3.74543 3.79213 3.71197 3.48536 3.8808 3.85594 3.66628 3.86308 3.82693 3.81985 3.69601 3.82714 
0 0 0 0 0 0 0 0 0 0 0 0 0 0 0 0 0 0 0 0 0 0 0 0 0 0 0 0 0 0 -79.1889 -2.45544 -2.22259 -2.27577 -2.38558 -2.46194 -2.54991 -2.42328 -2.39606 -2.24314 -2.55711 -2.34573 -2.48585 -2.33693 -2.50467 -2.40811 -2.54868 -2.4857 -2.47062 -2.40699 -2.21298 -2.43108 -2.42925 -2.45955 -2.40755 -2.26057 -2.51705 -2.50093 -2.37792 -2.50556 -2.48212 -2.47752 -2.3972 -2.48225 
0 0 0 0 0 0 0 0 0 0 0 0 0 0 0 0 0 0 0 0 0 0 0 0 0 0 0 0 0 0 0 -81.0056 -2.06613 -2.11556 -2.21765 -2.28864 -2.37041 -2.2527 -2.22739 -2.08524 -2.3771 -2.1806 -2.31086 -2.17243 -2.32835 -2.23859 -2.36926 -2.31072 -2.2967 -2.23755 -2.0572 -2.25995 -2.25825 -2.28641 -2.23807 -2.10144 -2.33986 -2.32488 -2.21052 -2.32918 -2.30739 -2.30312 -2.22845 -2.30751 
0 0 0 0 0 0 0 0 0 0 0 0 0 0 0 0 0 0 0 0 0 0 0 0 0 0 0 0 0 0 0 0 82.2381 2.10294 2.38467 -1.495 -0.994383 -2.97042 2.29162 -4.68848 16.2802 2.91162 -1.35914 4.5972 9.72109 -1.88017 2.68495 -1.04938 2.90382 -2.64987 -1.23311 3.70156 12.6127 0.0743498 2.64027 -1.57074 -6.73343 11.8107 -4.2864 4.78942 11.1587 9.93379 -3.7153 -6.15476 
0 0 0 0 0 0 0 0 0 0 0 0 0 0 0 0 0 0 0 0 0 0 0 0 0 0 0 0 0 0 0 0 0 77.5246 2.66518 3.02985 4.91676 -0.986259 -0.147811 -15.4484 6.57601 5.11591 -4.4622 -0.62579 0.453589 10.5359 -10.2453 10.819 0.0783367 1.77587 -4.78933 2.65941 4.81387 2.28566 2.77248 -2.38265 5.98588 5.08912 3.01871 -8.40454 3.96225 -8.54811 -5.13182 8.87128 
0 0 0 0 0 0 0 0 0 0 0 0 0 0 0 0 0 0 0 0 0 0 0 0 0 0 0 0 0 0 0 0 0 0 -82.7516 -6.38949 -1.85144 -0.706585 -2.03296 -0.262909 7.14609 -6.6331 4.82087 1.32034 -3.03786 -8.85544 -3.17399 6.70229 4.54728 -5.4274 3.879 4.47739 -3.84134 2.83121 -7.31208 -20.4996 2.72156 -9.73568 1.29298 -1.89689 11.0303 -3.54906 4.20535 -3.46948 
0 0 0 0 0 0 0 0 0 0 0 0 0 0 0 0 0 0 0 0 0 0 0 0 0 0 0 0 0 0 0 0 0 0 0 -81.9313 10.3656 -1.65353 -0.925299 -20.9903 -8.26281 -2.40703 -6.18118 -17.9941 -7.20014 -3.22259 2.2961 -10.7015 -12.5829 4.64421 -0.497844 -3.36413 -12.8519 -3.58865 -16.2342 7.4887 -1.43017 9.42747 -0.560653 -6.37063 -2.42028 1.40313 -5.23436 4.62801 
0 0 0 0 0 0 0 0 0 0 0 0 0 0 0 0 0 0 0 0 0 0 0 0 0 0 0 0 0 0 0 0 0 0 0 0 82.5799 -1.2735 2.76193 4.59102 10.5016 -8.69819 -0.0510079 -1.22481 -5.0187 3.8856 13.9925 1.66969 0.401797 8.28918 8.8678 -3.3282 1.60266 12.2166 4.72628 3.58869 4.54465 10.2544 4.76897 0.157148 0.311777 4.11113 4.33364 -4.42398 
0 0 0 0 0 0 0 0 0 0 0 0 0 0 0 0 0 0 0 0 0 0 0 0 0 0 0 0 0 0 0 0 0 0 0 0 0 81.8381 -5.3897 0.0611092 1.62909 0.162417 9.19253 4.37559 4.4438 6.16555 5.37295 12.4451 11.4172 11.9547 -5.05117 3.68409 -1.18064 2.02108 3.36655 6.0399 -3.90842 -1.95901 6.26914 1.65243 5.18914 11.7709 5.22103 3.64932 
0 0 0 0 0 0 0 0 0 0 0 0 0 0 0 0 0 0 0 0 0 0 0 0 0 0 0 0 0 0 0 0 0 0 0 0 0 0 85.1779 -0.862008 3.59008 7.28867 4.23182 -6.04787 3.734 -0.170497 -1.90739 3.36616 10.8958 -5.27551 2.52556 7.91933 0.734047 7.7842 9.30408 2.39183 -4.18794 -2.71265 4.40501 -1.56759 8.80765 0.713886 -0.49637 2.39006 
0 0 0 0 0 0 0 0 0 0 0 0 0 0 0 0 0 0 0 0 0 0 0 0 0 0 0 0 0 0 0 0 0 0 0 0 0 0 0 -77.4654 -5.83271 1.44988 -3.11704 7.13214 3.42768 0.158768 -4.01709 -5.07454 -5.27347 -1.16454 -6.99242 -1.65739 -1.485 -8.26504 -0.353442 0.667964 6.54672 -1.42364 3.73279 3.08166 2.33282 -3.3791 14.3124 -6.63126 
0 0 0 0 0 0 0 0 0 0 0 0 0 0 0 0 0 0 0 0 0 0 0 0 0 0 0 0 0 0 0 0 0 0 0 0 0 0 0 0 -80.1522 -9.35929 2.18776 -2.05591 1.68286 -5.80794 0.015886 -10.3428 0.740082 1.09293 -0.930782 -15.5527 -14.4446 -3.76264 -4.45626 0.112373 -7.23525 -0.0795446 2.60107 -3.89129 -4.82377 -0.333989 -9.16616 -14.0324 
0 0 0 0 0 0 0 0 0 0 0 0 0 0 0 0 0 0 0 0 0 0 0 0 0 0 0 0 0 0 0 0 0 0 0 0 0 0 0 0 0 -80.892 1.63765 0.906055 -3.66308 7.84 4.4765 1.31504 -2.90468 -5.73981 0.858568 -10.9269 -1.37472 4.84684 2.1996 2.19982 -5.32978 -12.037 -6.53321 6.4333 -6.42243 -3.33448 -5.22457 -5.93978 
0 0 0 0 0 0 0 0 0 0 0 0 0 0 0 0 0 0 0 0 0 0 0 0 0 0 0 0 0 0 0 0 0 0 0 0 0 0 0 0 0 0 -76.3989 -4.74746 2.78075 6.32156 0.488444 -12.4172 -8.65451 -7.02502 0.0778821 -7.07606 1.20449 5.68526 5.31526 -3.03514 2.28964 -12.3159 -0.33754 -11.3721 4.6051 7.05795 5.5928 -4.9517 
0 0 0 0 0 0 0 0 0 0 0 0 0 0 0 0 0 0 0 0 0 0 0 0 0 0 0 0 0 0 0 0 0 0 0 0 0 0 0 0 0 0 0 76.6653 1.54816 11.866 5.76937 -10.9873 -6.08389 -3.40603 0.882222 4.05737 12.507 1.13729 1.20206 1.59617 -2.45813 9.72711 1.47763 0.797279 0.840572 -7.90939 2.44509 12.1654 
0 0 0 0 0 0 0 0 0 0 0 0 0 0 0 0 0 0 0 0 0 0 0 0 0 0 0 0 0 0 0 0 0 0 0 0 0 0 0 0 0 0 0 0 78.5966 11.7815 5.4616 5.7008 14.1962 -7.33167 5.73158 -2.53244 -1.68237 7.44567 13.5333 -5.73804 1.49308 3.07995 12.4836 14.1748 4.5088 2.99441 1.04784 -7.61922 
0 0 0 0 0 0 0 0 0 0 0 0 0 0 0 0 0 0 0 0 0 0 0 0 0 0 0 0 0 0 0 0 0 0 0 0 0 0 0 0 0 0 0 0 0 -77.2748 -7.33002 3.54415 4.85923 -1.7056 -3.90587 7.21049 10.4494 -5.76378 -8.06421 1.30938 -2.90364 -2.70588 3.45945 0.134525 2.1049 -2.4229 -8.38724 -2.12656 
0 0 0 0 0 0 0 0 0 0 0 0 0 0 0 0 0 0 0 0 0 0 0 0 0 0 0 0 0 0 0 0 0 0 0 0 0 0 0 0 0 0 0 0 0 0 76.7899 -1.58603 -5.75009 3.80766 -3.56304 -3.81597 3.61307 6.95771 -1.29513 -6.51989 0.645308 -3.59895 -3.73612 0.301203 6.38545 -0.812084 1.94483 -4.25471 
0 0 0 0 0 0 0 0 0 0 0 0 0 0 0 0 0 0 0 0 0 0 0 0 0 0 0 0 0 0 0 0 0 0 0 0 0 0 0 0 0 0 0 0 0 0 0 -73.1225 -2.15861 2.75619 9.71428 6.31668 0.694903 1.50479 1.97185 -0.917212 -5.29964 5.01922 -13.6918 -7.75855 -1.65501 -0.736857 -11.6246 4.55362 
0 0 0 0 0 0 0 0 0 0 0 0 0 0 0 0 0 0 0 0 0 0 0 0 0 0 0 0 0 0 0 0 0 0 0 0 0 0 0 0 0 0 0 0 0 0 0 0 -80.3671 -6.64343 11.5471 12.1288 -3.46616 -0.712475 7.49294 -4.48553 -0.892057 1.86645 6.5168 -7.99181 -1.94235 6.26933 -4.94414 -9.29735 
0 0 0 0 0 0 0 0 0 0 0 0 0 0 0 0 0 0 0 0 0 0 0 0 0 0 0 0 0 0 0 0 0 0 0 0 0 0 0 0 0 0 0 0 0 0 0 0 0 79.95 -3.39267 3.50309 2.43209 -6.72029 -0.365405 2.5453 4.37885 0.530324 -2.23068 -2.99381 -6.34713 0.865699 2.29703 2.72904 
0 0 0 0 0 0 0 0 0 0 0 0 0 0 0 0 0 0 0 0 0 0 0 0 0 0 0 0 0 0 0 0 0 0 0 0 0 0 0 0 0 0 0 0 0 0 0 0 0 0 75.2143 6.95091 2.15016 -1.06674 0.444239 -0.248014 1.62077 -10.7789 2.71505 -2.49776 5.33551 2.39754 4.67054 5.4945 
0 0 0 0 0 0 0 0 0 0 0 0 0 0 0 0 0 0 0 0 0 0 0 0 0 0 0 0 0 0 0 0 0 0 0 0 0 0 0 0 0 0 0 0 0 0 0 0 0 0 0 76.6005 1.74126 0.936363 -1.09101 3.61626 -5.50735 9.28446 0.175555 8.21381 6.54435 -2.60041 -13.0348 -8.74495 
0 0 0 0 0 0 0 0 0 0 0 0 0 0 0 0 0 0 0 0 0 0 0 0 0 0 0 0 0 0 0 0 0 0 0 0 0 0 0 0 0 0 0 0 0 0 0 0 0 0 0 0 -75.0497 -8.17275 -0.374766 4.26725 -3.39356 2.89045 -6.32104 -6.89921 -10.3282 1.11367 4.27228 0.354929 
0 0 0 0 0 0 0 0 0 0 0 0 0 0 0 0 0 0 0 0 0 0 0 0 0 0 0 0 0 0 0 0 0 0 0 0 0 0 0 0 0 0 0 0 0 0 0 0 0 0 0 0 0 -81.0807 -0.962706 1.78704 -9.59741 -0.268774 -1.35097 -1.95265 -6.42775 1.96414 0.0855421 2.22942 
0 0 0 0 0 0 0 0 0 0 0 0 0 0 0 0 0 0 0 0 0 0 0 0 0 0 0 0 0 0 0 0 0 0 0 0 0 0 0 0 0 0 0 0 0 0 0 0 0 0 0 0 0 0 -81.4474 -1.46982 -5.04598 -11.9313 -0.950995 1.82662 2.56591 3.91346 -4.24482 -3.79029 
0 0 0 0 0 0 0 0 0 0 0 0 0 0 0 0 0 0 0 0 0 0 0 0 0 0 0 0 0 0 0 0 0 0 0 0 0 0 0 0 0 0 0 0 0 0 0 0 0 0 0 0 0 0 0 -79.7408 -0.750063 7.65776 -2.9945 0.748149 9.43595 -1.95194 -7.95535 -11.2949 
0 0 0 0 0 0 0 0 0 0 0 0 0 0 0 0 0 0 0 0 0 0 0 0 0 0 0 0 0 0 0 0 0 0 0 0 0 0 0 0 0 0 0 0 0 0 0 0 0 0 0 0 0 0 0 0 -76.259 -9.96711 3.08799 -0.430866 1.56401 -6.45922 -8.3111 -6.0398 
0 0 0 0 0 0 0 0 0 0 0 0 0 0 0 0 0 0 0 0 0 0 0 0 0 0 0 0 0 0 0 0 0 0 0 0 0 0 0 0 0 0 0 0 0 0 0 0 0 0 0 0 0 0 0 0 0 -74.479 -1.98121 -6.97098 -3.30724 2.4565 8.7334 10.2763 
0 0 0 0 0 0 0 0 0 0 0 0 0 0 0 0 0 0 0 0 0 0 0 0 0 0 0 0 0 0 0 0 0 0 0 0 0 0 0 0 0 0 0 0 0 0 0 0 0 0 0 0 0 0 0 0 0 0 83.4938 3.14741 -6.41053 1.13412 0.948966 -8.679 
0 0 0 0 0 0 0 0 0 0 0 0 0 0 0 0 0 0 0 0 0 0 0 0 0 0 0 0 0 0 0 0 0 0 0 0 0 0 0 0 0 0 0 0 0 0 0 0 0 0 0 0 0 0 0 0 0 0 0 -77.5897 12.005 5.53126 -2.47014 -5.86862 
0 0 0 0 0 0 0 0 0 0 0 0 0 0 0 0 0 0 0 0 0 0 0 0 0 0 0 0 0 0 0 0 0 0 0 0 0 0 0 0 0 0 0 0 0 0 0 0 0 0 0 0 0 0 0 0 0 0 0 0 -71.8789 -8.19542 0.0181997 6.53768 
0 0 0 0 0 0 0 0 0 0 0 0 0 0 0 0 0 0 0 0 0 0 0 0 0 0 0 0 0 0 0 0 0 0 0 0 0 0 0 0 0 0 0 0 0 0 0 0 0 0 0 0 0 0 0 0 0 0 0 0 0 74.2304 -1.06667 0.169044 
0 0 0 0 0 0 0 0 0 0 0 0 0 0 0 0 0 0 0 0 0 0 0 0 0 0 0 0 0 0 0 0 0 0 0 0 0 0 0 0 0 0 0 0 0 0 0 0 0 0 0 0 0 0 0 0 0 0 0 0 0 0 75.1393 5.96874 
0 0 0 0 0 0 0 0 0 0 0 0 0 0 0 0 0 0 0 0 0 0 0 0 0 0 0 0 0 0 0 0 0 0 0 0 0 0 0 0 0 0 0 0 0 0 0 0 0 0 0 0 0 0 0 0 0 0 0 0 0 0 0 70.6346 
