-117.358 -88.2172 -87.5137 -87.4346 -90.2808 -87.8935 -87.2767 -85.8127 -87.9084 -90.7326 -85.9886 -86.7731 -94.1389 -91.292 -91.7321 -85.8188 -81.7822 -88.1124 -88.1759 -88.2493 -93.6275 -83.5022 -78.8543 -89.6592 -86.2808 -88.7053 -90.1492 -86.6625 -92.7539 -85.6973 -91.4689 -86.5083 -77.3094 -83.7395 -77.1206 -87.7813 -82.7075 -90.1516 -92.3677 -86.0245 -92.3635 -92.403 -85.9763 -89.6146 -95.1344 -78.4836 -90.3735 -72.1643 -100.008 -85.2803 -85.0834 -84.8876 -90.9421 -89.1825 -83.7429 -85.5912 -92.8176 -88.6707 -86.5447 -87.947 -90.8095 -93.8674 -90.8123 -89.3015 
0 -75.5126 -28.2851 -32.0952 -28.1806 -34.5224 -30.5661 -37.0862 -30.9481 -30.2155 -29.615 -33.7943 -32.2608 -32.147 -30.3925 -34.0065 -30.5424 -33.283 -28.9979 -32.3262 -35.6264 -23.8866 -31.3559 -28.5937 -28.4355 -27.4618 -30.7518 -29.1171 -28.876 -31.8581 -28.3462 -34.7742 -27.5144 -29.8029 -27.4472 -31.2413 -29.4356 -32.0849 -32.8736 -30.6161 -32.8722 -32.8862 -30.599 -31.8938 -33.8583 -27.9323 -32.1639 -25.6833 -35.5927 -30.3512 -30.2812 -30.2115 -32.3663 -31.74 -29.8041 -30.4619 -33.0337 -31.5579 -30.8012 -31.3003 -32.3191 -33.4074 -32.3201 -31.7824 
0 0 70.5807 22.6721 19.577 25.5147 20.6043 21.725 20.3435 24.8814 24.1166 17.6853 22.687 21.0765 21.6295 18.148 24.1926 17.1139 21.1707 22.7937 17.2888 21.8436 22.3291 18.8772 21.8836 17.022 20.9594 21.1032 15.1371 25.0356 21.1983 22.0994 18.9108 20.4837 18.8646 21.4724 20.2313 22.0522 22.5943 21.0426 22.5933 22.6029 21.0309 21.9208 23.271 19.1981 22.1065 17.6523 24.4631 20.8606 20.8124 20.7645 22.2455 21.8151 20.4845 20.9366 22.7043 21.6899 21.1699 21.5129 22.2131 22.9611 22.2138 21.8442 
0 0 0 -62.5131 -9.84601 -9.28188 -15.7761 -7.54684 -10.4046 -10.3357 -9.95834 -6.68425 -14.2394 -14.5294 -9.24714 -10.6176 -9.11391 -7.18903 -9.07581 -7.02449 -9.85336 -10.535 -17.6842 -15.2242 -8.46314 -8.50458 -8.98548 -9.976 -12.2236 -12.4315 -10.3429 -10.448 -10.1892 -11.0367 -10.1643 -11.5694 -10.9007 -11.8818 -12.1738 -11.3378 -12.1733 -12.1785 -11.3315 -11.811 -12.5385 -10.344 -11.911 -9.51108 -13.1808 -11.2397 -11.2138 -11.188 -11.986 -11.754 -11.0371 -11.2807 -12.2331 -11.6866 -11.4064 -11.5912 -11.9685 -12.3715 -11.9689 -11.7697 
0 0 0 0 65.3481 14.7636 11.7069 13.2198 14.5851 12.7142 14.4545 11.4858 19.2939 11.4352 11.7182 9.57937 9.62028 10.7526 14.5314 12.1001 13.8323 16.6521 11.4104 15.0115 8.37487 16.2576 11.6724 15.1454 16.7886 12.2958 18.8781 13.2597 11.0802 12.0018 11.0531 12.5811 11.8539 12.9208 13.2384 12.3293 13.2378 13.2435 12.3224 12.8438 13.6349 11.2485 12.9526 10.3428 14.3334 12.2226 12.1944 12.1663 13.0341 12.7819 12.0023 12.2672 13.3029 12.7085 12.4038 12.6048 13.0151 13.4533 13.0155 12.7989 
0 0 0 0 0 63.099 10.7943 15.2835 12.5845 12.103 10.6471 12.2716 16.3646 9.43863 13.7143 17.649 11.4908 14.082 13.1341 13.4995 11.4982 10.8578 6.87685 10.9842 6.78855 13.0929 8.03044 13.5095 13.0774 11.6261 13.5716 10.1918 10.074 10.9119 10.0494 11.4386 10.7774 11.7475 12.0362 11.2097 12.0357 12.0408 11.2034 11.6775 12.3968 10.227 11.7764 9.40357 13.0318 11.1127 11.087 11.0615 11.8505 11.6212 10.9123 11.1532 12.0949 11.5545 11.2774 11.4602 11.8332 12.2317 11.8336 11.6367 
0 0 0 0 0 0 61.7814 6.00168 11.5701 8.00644 8.02816 8.41376 8.48123 2.90775 10.3562 14.3336 5.61309 9.58671 9.96104 7.45156 5.57923 3.91755 11.9504 1.7108 6.49647 6.66884 7.13224 7.76619 4.61811 8.22691 4.25789 6.82448 6.21671 6.73378 6.20153 7.0588 6.6508 7.2494 7.4276 6.91753 7.42727 7.43044 6.91365 7.20622 7.65008 6.31114 7.26725 5.80298 8.04195 6.85768 6.84185 6.82611 7.31297 7.17147 6.73405 6.88268 7.46378 7.13031 6.95935 7.07212 7.3023 7.5482 7.30253 7.18104 
0 0 0 0 0 0 0 -61.561 -8.38142 -8.5895 -4.34575 -4.22392 -7.34244 -3.79608 -7.57387 -6.04282 -8.62261 -4.95042 -8.94875 -6.6913 -6.50533 -9.48097 -5.79778 -9.20126 -8.64657 -8.52934 -5.92646 -10.1192 -8.19108 -8.73309 -8.80086 -5.61842 -6.8902 -7.46328 -6.87337 -7.82351 -7.37131 -8.03476 -8.23227 -7.66693 -8.2319 -8.23542 -7.66264 -7.9869 -8.47885 -6.99485 -8.05454 -6.43164 -8.91317 -7.60061 -7.58306 -7.56561 -8.10521 -7.94839 -7.46358 -7.62831 -8.27236 -7.90277 -7.71329 -7.83828 -8.09339 -8.36593 -8.09365 -7.959 
0 0 0 0 0 0 0 0 62.3792 6.11673 7.57909 3.6888 7.05087 6.19571 9.86376 2.63485 7.17758 8.75283 8.55442 4.4665 4.01878 5.23514 6.72614 6.00362 6.92797 3.66219 3.85126 7.80387 4.64585 3.74338 3.05284 7.71842 5.72862 6.20509 5.71463 6.50459 6.12862 6.68022 6.84444 6.37441 6.84413 6.84705 6.37084 6.64043 7.04945 5.81563 6.69667 5.34737 7.41055 6.31926 6.30467 6.29016 6.7388 6.60842 6.20534 6.3423 6.87777 6.57049 6.41295 6.51687 6.72897 6.95556 6.72918 6.61723 
0 0 0 0 0 0 0 0 0 -59.9019 -8.8813 -1.08154 -5.46738 -3.76792 -10.8944 -6.35724 -7.51848 -8.39902 -7.23621 -5.06321 -0.981396 -4.04051 -4.65418 -4.54489 -8.97277 -7.2703 -7.20768 -8.54444 -4.10998 -3.92837 -8.10078 -6.31419 -5.33447 -5.77816 -5.32144 -6.05705 -5.70695 -6.2206 -6.37352 -5.93583 -6.37323 -6.37595 -5.9325 -6.18355 -6.56442 -5.4155 -6.23592 -4.97945 -6.90068 -5.88448 -5.87089 -5.85738 -6.27515 -6.15374 -5.77839 -5.90593 -6.40456 -6.11842 -5.97172 -6.06849 -6.266 -6.477 -6.2662 -6.16195 
0 0 0 0 0 0 0 0 0 0 59.7388 0.836806 8.20509 6.84355 4.35118 7.21848 6.93532 1.7188 5.51223 6.0815 5.09099 6.72206 3.67928 4.85668 5.32671 3.60117 5.47734 4.9671 4.61934 7.22616 -0.918511 1.67039 4.43566 4.80459 4.42483 5.03649 4.74538 5.17249 5.29963 4.93569 5.2994 5.30166 4.93293 5.14167 5.45837 4.50303 5.18522 4.14046 5.73797 4.89299 4.88169 4.87046 5.21784 5.11688 4.80478 4.91083 5.32545 5.08752 4.96554 5.046 5.21023 5.38568 5.21039 5.12371 
0 0 0 0 0 0 0 0 0 0 0 -60.6295 -4.24748 -3.0587 -4.68969 -5.8257 -3.87748 -6.55519 -10.7771 -9.17406 -5.92315 -2.63483 -6.08589 -6.75481 -12.9306 -5.54644 -4.24458 -2.32957 -4.78808 -10.8538 -2.00224 -11.3348 -4.66841 -5.05671 -4.65701 -5.30077 -4.99439 -5.44391 -5.57773 -5.19469 -5.57748 -5.57986 -5.19178 -5.41148 -5.7448 -4.73932 -5.45731 -4.35772 -6.03907 -5.14975 -5.13786 -5.12604 -5.49164 -5.38539 -5.05691 -5.16852 -5.60489 -5.35448 -5.2261 -5.31078 -5.48363 -5.66829 -5.48381 -5.39257 
0 0 0 0 0 0 0 0 0 0 0 0 59.4824 0.32227 0.677869 4.98138 6.10011 4.07955 4.585 0.686685 5.8047 1.3482 1.71153 5.44682 -0.982516 -0.00489866 4.05771 4.86322 4.53016 4.40581 2.47958 2.9352 2.92081 3.16374 2.91367 3.31644 3.12475 3.406 3.48972 3.25007 3.48957 3.49106 3.24825 3.38571 3.59425 2.96517 3.41438 2.72642 3.77836 3.22196 3.21452 3.20712 3.43586 3.36938 3.16387 3.2337 3.50672 3.35005 3.26972 3.32271 3.43085 3.54638 3.43096 3.37388 
0 0 0 0 0 0 0 0 0 0 0 0 0 -60.417 -4.97209 -5.45976 -2.9136 -7.47966 0.741338 -2.78964 0.631793 -9.08098 -8.27596 -3.99671 -1.41731 -3.07276 -0.589231 -0.260942 -1.46767 -2.08238 -7.20368 -6.38978 -2.9926 -3.2415 -2.98529 -3.39796 -3.20156 -3.48971 -3.5755 -3.32995 -3.57533 -3.57686 -3.32809 -3.46892 -3.68259 -3.03805 -3.4983 -2.79343 -3.87123 -3.30115 -3.29352 -3.28595 -3.52031 -3.4522 -3.24163 -3.31318 -3.59291 -3.43239 -3.35009 -3.40438 -3.51518 -3.63355 -3.51529 -3.45681 
0 0 0 0 0 0 0 0 0 0 0 0 0 0 -59.2487 -5.87562 -5.49904 -2.10751 0.176196 -4.15315 -5.25863 -4.23282 -6.88289 -6.92023 -1.33444 -2.88906 -5.5824 -3.94522 -3.03797 -4.49429 -2.75076 -6.67928 -3.94862 -4.27704 -3.93897 -4.48348 -4.22433 -4.60454 -4.71773 -4.39375 -4.71752 -4.71953 -4.39129 -4.57711 -4.85904 -4.00859 -4.61588 -3.68583 -5.10794 -4.35574 -4.34568 -4.33568 -4.64492 -4.55505 -4.27721 -4.37161 -4.74071 -4.5289 -4.42031 -4.49194 -4.63814 -4.79433 -4.63829 -4.56112 
0 0 0 0 0 0 0 0 0 0 0 0 0 0 0 55.3276 2.67556 0.165082 3.82862 5.29382 0.66384 3.48146 3.86272 1.54709 0.549748 2.03461 4.1174 3.2681 1.31271 2.60653 8.0305 3.44313 2.49643 2.70407 2.49033 2.83458 2.67074 2.91112 2.98268 2.77785 2.98255 2.98382 2.7763 2.89378 3.07202 2.53435 2.91829 2.33029 3.22939 2.75382 2.74746 2.74114 2.93665 2.87983 2.70418 2.76386 2.99721 2.8633 2.79465 2.83994 2.93237 3.03111 2.93246 2.88367 
0 0 0 0 0 0 0 0 0 0 0 0 0 0 0 0 55.8997 2.89507 5.19807 7.97476 0.846415 2.43719 7.29434 1.63967 2.71632 2.87297 3.34393 1.12699 5.14438 -0.142794 2.42427 1.38738 2.69996 2.92453 2.69337 3.06569 2.88849 3.14847 3.22586 3.00433 3.22572 3.2271 3.00265 3.12971 3.32249 2.74097 3.15622 2.52028 3.49268 2.97834 2.97146 2.96463 3.17608 3.11462 2.92465 2.9892 3.24157 3.09675 3.0225 3.07148 3.17144 3.27824 3.17154 3.11878 
0 0 0 0 0 0 0 0 0 0 0 0 0 0 0 0 0 58.5424 1.23539 6.86969 4.18693 -0.664522 6.71004 6.03655 1.05984 6.67177 -0.573025 0.277562 5.76622 1.95682 -0.852365 4.6452 3.34371 3.62182 3.33554 3.79663 3.57718 3.89914 3.99499 3.72064 3.99481 3.99652 3.71856 3.87592 4.11465 3.39449 3.90874 3.12118 4.32542 3.68846 3.67994 3.67147 3.93333 3.85723 3.62196 3.7019 4.01445 3.83509 3.74314 3.8038 3.9276 4.05986 3.92772 3.86238 
0 0 0 0 0 0 0 0 0 0 0 0 0 0 0 0 0 0 56.262 4.2975 9.4549 5.97498 4.31764 2.04719 -1.65213 0.463314 3.08545 0.990576 5.59552 10.1349 -2.10586 1.05281 2.83894 3.07506 2.832 3.22348 3.03717 3.31053 3.3919 3.15897 3.39175 3.3932 3.1572 3.2908 3.4935 2.88206 3.31867 2.65 3.67245 3.13164 3.12441 3.11722 3.33955 3.27494 3.07519 3.14306 3.40842 3.25614 3.17807 3.22957 3.33468 3.44698 3.33479 3.27931 
0 0 0 0 0 0 0 0 0 0 0 0 0 0 0 0 0 0 0 -57.7906 0.391289 -3.80907 -1.74018 -4.66807 1.32436 -2.28007 -3.82101 -4.51199 -5.00697 -0.817679 -0.221789 -1.54535 -3.33241 -3.60958 -3.32428 -3.7838 -3.5651 -3.88598 -3.9815 -3.70808 -3.98132 -3.98302 -3.706 -3.86283 -4.10076 -3.38303 -3.89554 -3.11063 -4.31082 -3.676 -3.66751 -3.65907 -3.92005 -3.8442 -3.60973 -3.6894 -4.00089 -3.82214 -3.7305 -3.79095 -3.91433 -4.04614 -3.91446 -3.84933 
0 0 0 0 0 0 0 0 0 0 0 0 0 0 0 0 0 0 0 0 -56.4456 -3.05268 -7.35673 -3.0072 3.34786 -1.47597 -0.908249 -4.52217 1.98491 3.57103 -0.721445 -3.40566 -1.17569 -1.27348 -1.17282 -1.33494 -1.25778 -1.37099 -1.40469 -1.30823 -1.40463 -1.40523 -1.30749 -1.36282 -1.44676 -1.19355 -1.37436 -1.09744 -1.52087 -1.29691 -1.29391 -1.29094 -1.38301 -1.35625 -1.27353 -1.30164 -1.41153 -1.34847 -1.31614 -1.33746 -1.38099 -1.4275 -1.38104 -1.35806 
0 0 0 0 0 0 0 0 0 0 0 0 0 0 0 0 0 0 0 0 0 55.3239 0.476299 4.00875 -1.443 -0.510235 -2.49453 5.11226 3.25731 4.28648 1.13024 2.85427 1.56039 1.69018 1.55658 1.77176 1.66935 1.8196 1.86433 1.7363 1.86424 1.86504 1.73533 1.80876 1.92017 1.5841 1.82408 1.45655 2.01853 1.72128 1.7173 1.71335 1.83555 1.80004 1.69025 1.72755 1.87341 1.78971 1.7468 1.7751 1.83288 1.8946 1.83294 1.80244 
0 0 0 0 0 0 0 0 0 0 0 0 0 0 0 0 0 0 0 0 0 0 -56.3484 2.14298 -3.19949 -7.24103 2.17823 -0.62751 1.26841 0.0497691 0.258054 0.511454 -2.36121 -2.55761 -2.35545 -2.68105 -2.52609 -2.75345 -2.82113 -2.62739 -2.821 -2.82221 -2.62592 -2.73704 -2.90563 -2.39708 -2.76022 -2.20407 -3.05447 -2.60467 -2.59865 -2.59267 -2.77759 -2.72385 -2.55771 -2.61416 -2.83487 -2.70821 -2.64328 -2.68611 -2.77354 -2.86694 -2.77363 -2.72748 
0 0 0 0 0 0 0 0 0 0 0 0 0 0 0 0 0 0 0 0 0 0 0 -59.1762 -4.74732 -2.01427 -3.79189 -3.38386 -6.1924 -2.77607 -1.88253 -1.59431 -2.81543 -3.0496 -2.80855 -3.19679 -3.01202 -3.28311 -3.36382 -3.13281 -3.36367 -3.3651 -3.13106 -3.26355 -3.46457 -2.85819 -3.29119 -2.62806 -3.64204 -3.10571 -3.09854 -3.09141 -3.3119 -3.24782 -3.04972 -3.11703 -3.3802 -3.22918 -3.15176 -3.20283 -3.30707 -3.41843 -3.30717 -3.25215 
0 0 0 0 0 0 0 0 0 0 0 0 0 0 0 0 0 0 0 0 0 0 0 0 53.1248 4.90017 -3.43744 -1.00001 -2.37158 -0.0417376 -2.49044 1.64554 1.35981 1.47291 1.35649 1.544 1.45476 1.58569 1.62467 1.5131 1.6246 1.62529 1.51225 1.57625 1.67334 1.38046 1.5896 1.26931 1.75905 1.50001 1.49655 1.4931 1.5996 1.56865 1.47297 1.50548 1.63259 1.55964 1.52225 1.54692 1.59726 1.65105 1.59731 1.57074 
0 0 0 0 0 0 0 0 0 0 0 0 0 0 0 0 0 0 0 0 0 0 0 0 0 58.7505 0.645125 3.69977 5.91847 0.177948 6.9835 2.79472 2.49751 2.70524 2.49141 2.83581 2.6719 2.91238 2.98397 2.77905 2.98384 2.98511 2.7775 2.89503 3.07335 2.53544 2.91955 2.33129 3.23078 2.75501 2.74865 2.74233 2.93792 2.88107 2.70534 2.76505 2.99851 2.86454 2.79586 2.84116 2.93363 3.03242 2.93373 2.88492 
0 0 0 0 0 0 0 0 0 0 0 0 0 0 0 0 0 0 0 0 0 0 0 0 0 0 57.6678 3.97896 3.39216 2.19658 3.29449 4.52687 2.33308 2.52713 2.32738 2.64911 2.49599 2.72064 2.78752 2.59609 2.78739 2.78858 2.59464 2.70443 2.87101 2.36852 2.72734 2.17781 3.01808 2.57363 2.56769 2.56178 2.7445 2.69139 2.52723 2.58301 2.80109 2.67595 2.61179 2.65411 2.74049 2.83278 2.74058 2.69498 
0 0 0 0 0 0 0 0 0 0 0 0 0 0 0 0 0 0 0 0 0 0 0 0 0 0 0 -58.3051 0.965296 -0.32427 -1.67046 -2.15997 -1.78923 -1.93805 -1.78486 -2.03159 -1.91417 -2.08645 -2.13774 -1.99093 -2.13764 -2.13856 -1.98982 -2.07402 -2.20177 -1.81641 -2.09159 -1.67016 -2.31456 -1.97371 -1.96915 -1.96462 -2.10475 -2.06402 -1.93813 -1.98091 -2.14815 -2.05218 -2.00297 -2.03543 -2.10168 -2.17245 -2.10174 -2.06678 
0 0 0 0 0 0 0 0 0 0 0 0 0 0 0 0 0 0 0 0 0 0 0 0 0 0 0 0 57.8508 3.21439 9.11504 -0.378088 2.26802 2.45666 2.26248 2.57524 2.42639 2.64477 2.70979 2.5237 2.70967 2.71082 2.52228 2.62902 2.79095 2.30247 2.65129 2.11708 2.93392 2.50187 2.49609 2.49035 2.66797 2.61635 2.45676 2.51099 2.72299 2.60133 2.53896 2.5801 2.66407 2.75378 2.66416 2.61984 
0 0 0 0 0 0 0 0 0 0 0 0 0 0 0 0 0 0 0 0 0 0 0 0 0 0 0 0 0 61.2913 5.79235 0.875551 2.32637 2.51986 2.32069 2.64148 2.48881 2.71281 2.7795 2.58862 2.77937 2.78056 2.58717 2.69665 2.86275 2.3617 2.71949 2.17154 3.00939 2.56623 2.5603 2.55441 2.7366 2.68365 2.51996 2.57558 2.79303 2.66825 2.60427 2.64647 2.73261 2.82463 2.73269 2.68723 
0 0 0 0 0 0 0 0 0 0 0 0 0 0 0 0 0 0 0 0 0 0 0 0 0 0 0 0 0 0 -55.995 -1.73626 -1.50886 -1.63436 -1.50518 -1.71324 -1.61422 -1.75951 -1.80276 -1.67896 -1.80268 -1.80345 -1.67802 -1.74902 -1.85676 -1.53178 -1.76384 -1.40844 -1.95187 -1.66443 -1.66059 -1.65677 -1.77493 -1.74059 -1.63443 -1.6705 -1.81154 -1.7306 -1.68911 -1.71648 -1.77235 -1.83203 -1.7724 -1.74291 
0 0 0 0 0 0 0 0 0 0 0 0 0 0 0 0 0 0 0 0 0 0 0 0 0 0 0 0 0 0 0 -57.2796 -1.40265 -1.51931 -1.39922 -1.59264 -1.50059 -1.63565 -1.67585 -1.56077 -1.67578 -1.67649 -1.55989 -1.6259 -1.72605 -1.42395 -1.63967 -1.3093 -1.81446 -1.54726 -1.54369 -1.54014 -1.64999 -1.61806 -1.51937 -1.5529 -1.68401 -1.60878 -1.5702 -1.59565 -1.64758 -1.70306 -1.64763 -1.62022 
0 0 0 0 0 0 0 0 0 0 0 0 0 0 0 0 0 0 0 0 0 0 0 0 0 0 0 0 0 0 0 0 55.2157 1.51767 -6.3341 0.731221 2.18792 -0.383254 -2.50246 3.06427 1.05874 5.70157 0.520177 -12.126 3.64847 5.50871 -2.24066 1.12611 11.1965 4.29898 -7.69373 11.2891 2.37895 -4.11662 -2.98339 -3.36784 3.29877 -11.5587 0.967084 4.33573 5.04754 4.04994 -1.80198 -3.55077 
0 0 0 0 0 0 0 0 0 0 0 0 0 0 0 0 0 0 0 0 0 0 0 0 0 0 0 0 0 0 0 0 0 -60.7064 7.85467 -7.86112 1.16232 -0.739857 0.149431 -0.608985 2.31122 2.4553 4.32011 4.4433 -7.34521 -0.78936 5.5471 3.09363 -5.45272 -12.7726 1.63281 -10.6734 4.89985 3.78148 -5.58524 -8.89883 3.17196 -10.7418 6.43298 3.63115 1.63343 1.26457 2.51294 -0.409731 
0 0 0 0 0 0 0 0 0 0 0 0 0 0 0 0 0 0 0 0 0 0 0 0 0 0 0 0 0 0 0 0 0 0 -52.7557 1.72349 -5.64886 -2.22511 -4.56578 -2.28452 -3.68099 -4.2786 1.7829 2.14063 -12.3677 6.85073 5.78251 -0.79436 -6.12409 5.47452 -1.75702 4.1313 6.18177 -7.92553 4.79647 4.36784 -3.70217 -0.059985 -9.33436 2.41718 8.25305 -3.22622 -7.93073 2.42458 
0 0 0 0 0 0 0 0 0 0 0 0 0 0 0 0 0 0 0 0 0 0 0 0 0 0 0 0 0 0 0 0 0 0 0 -54.687 -3.72011 2.46305 1.40119 -0.265346 -3.71016 -3.57804 -6.8134 0.0781683 7.45508 8.87759 -6.1631 14.8066 0.735827 -5.91192 -4.80359 -2.75296 0.521666 -0.227665 1.88436 -2.76846 -0.183389 3.49271 11.2507 -5.25779 2.80006 6.26526 -4.32689 -7.17909 
0 0 0 0 0 0 0 0 0 0 0 0 0 0 0 0 0 0 0 0 0 0 0 0 0 0 0 0 0 0 0 0 0 0 0 0 -59.5263 6.42427 -7.51109 2.81648 0.54975 -10.0422 -1.41141 -2.02557 1.93527 -3.03303 -2.37076 2.24179 5.40181 5.53088 -8.76076 -3.89348 3.00742 -3.41834 4.1041 -4.17319 -5.41855 0.109971 1.28043 2.11056 2.42387 -2.33528 6.11807 3.15762 
0 0 0 0 0 0 0 0 0 0 0 0 0 0 0 0 0 0 0 0 0 0 0 0 0 0 0 0 0 0 0 0 0 0 0 0 0 56.3606 3.48318 1.41265 -1.84237 3.9866 2.53601 -1.02894 -8.65255 6.05945 4.14493 -2.23102 3.22908 -3.7105 -3.5524 1.30378 4.16127 -3.45111 9.71694 3.8685 -5.19061 -1.4392 -2.55066 14.4518 10.3657 7.27956 -1.23652 -3.82496 
0 0 0 0 0 0 0 0 0 0 0 0 0 0 0 0 0 0 0 0 0 0 0 0 0 0 0 0 0 0 0 0 0 0 0 0 0 0 -56.8421 -2.38421 6.69395 -12.4808 -1.87978 5.80616 5.1078 5.80485 -18.3074 -6.04775 -9.33944 -3.18001 -1.49922 4.76541 -10.3806 3.63719 -17.6819 -4.01816 -4.85373 -0.258944 -6.94113 -2.30902 -5.42209 -5.47196 -4.55336 3.48277 
0 0 0 0 0 0 0 0 0 0 0 0 0 0 0 0 0 0 0 0 0 0 0 0 0 0 0 0 0 0 0 0 0 0 0 0 0 0 0 -58.1344 -5.27801 8.13561 3.24025 -1.96456 -1.46062 -5.32186 -3.88565 -9.38514 0.516229 -0.633496 -3.33797 -1.35205 -3.64513 1.24544 -4.21218 -8.25744 -7.69183 -5.20415 -1.88138 1.90389 7.56254 8.67652 -0.928843 -10.9676 
0 0 0 0 0 0 0 0 0 0 0 0 0 0 0 0 0 0 0 0 0 0 0 0 0 0 0 0 0 0 0 0 0 0 0 0 0 0 0 0 57.8608 0.382275 2.72288 6.94415 9.28199 8.15833 1.17574 8.57249 3.67116 1.83184 -10.6445 9.96458 1.32028 -0.361174 -6.23524 -2.94778 -4.88443 12.6752 -0.654547 -0.275978 11.4253 1.29563 1.58271 5.23236 
0 0 0 0 0 0 0 0 0 0 0 0 0 0 0 0 0 0 0 0 0 0 0 0 0 0 0 0 0 0 0 0 0 0 0 0 0 0 0 0 0 -55.5785 2.59088 2.47273 -6.85313 5.24359 -2.2178 -3.3591 1.536 -11.9798 1.62707 2.33898 -7.2008 2.02855 -5.67717 -4.0685 4.92112 1.84187 -11.0515 -5.31258 -2.5885 -6.96627 0.765424 -2.3683 
0 0 0 0 0 0 0 0 0 0 0 0 0 0 0 0 0 0 0 0 0 0 0 0 0 0 0 0 0 0 0 0 0 0 0 0 0 0 0 0 0 0 -57.0608 -9.42621 2.25705 -8.59107 7.24181 4.75292 -5.41159 3.95651 -8.40992 -2.13103 5.79874 -5.46545 -10.4567 -11.3813 -0.406051 -3.26473 -8.67515 -5.62862 -9.19837 -4.15884 -8.87114 -1.83113 
0 0 0 0 0 0 0 0 0 0 0 0 0 0 0 0 0 0 0 0 0 0 0 0 0 0 0 0 0 0 0 0 0 0 0 0 0 0 0 0 0 0 0 -54.6372 -2.94972 5.23198 4.05147 -7.76059 5.50041 0.440776 -8.64342 7.67903 -5.51183 -17.221 -1.97514 5.25136 -9.4583 -2.32955 6.83753 -2.46728 -2.57461 2.31292 -0.00185947 -6.60515 
0 0 0 0 0 0 0 0 0 0 0 0 0 0 0 0 0 0 0 0 0 0 0 0 0 0 0 0 0 0 0 0 0 0 0 0 0 0 0 0 0 0 0 0 58.4975 -4.93918 0.918827 -2.30306 -3.20606 7.27987 4.57413 -3.64911 7.60746 -4.29229 -7.12689 -1.27363 2.79252 0.581716 -3.35799 1.17258 1.10462 -1.19442 5.03418 9.25008 
0 0 0 0 0 0 0 0 0 0 0 0 0 0 0 0 0 0 0 0 0 0 0 0 0 0 0 0 0 0 0 0 0 0 0 0 0 0 0 0 0 0 0 0 0 51.8366 -8.18981 -2.73723 4.87393 8.56808 -1.58331 3.76857 7.91297 0.373568 12.1655 -0.100738 4.44166 -0.256183 1.29369 -0.690474 7.30786 -2.70885 -2.66001 -1.35655 
0 0 0 0 0 0 0 0 0 0 0 0 0 0 0 0 0 0 0 0 0 0 0 0 0 0 0 0 0 0 0 0 0 0 0 0 0 0 0 0 0 0 0 0 0 0 -53.0574 -1.81 3.29987 -3.92853 1.29273 -1.60326 -0.212746 6.97804 7.51867 0.399506 1.8731 6.86193 2.29435 0.963269 -1.22977 -7.92332 -1.31932 1.05691 
0 0 0 0 0 0 0 0 0 0 0 0 0 0 0 0 0 0 0 0 0 0 0 0 0 0 0 0 0 0 0 0 0 0 0 0 0 0 0 0 0 0 0 0 0 0 0 -50.2195 -14.2687 -10.3412 -14.1787 0.92988 6.6074 -1.82207 -5.98977 -3.02005 -3.59933 5.99915 -5.53715 -2.87084 13.2135 -7.41948 -1.98266 -5.63869 
0 0 0 0 0 0 0 0 0 0 0 0 0 0 0 0 0 0 0 0 0 0 0 0 0 0 0 0 0 0 0 0 0 0 0 0 0 0 0 0 0 0 0 0 0 0 0 0 -50.1681 4.87998 -2.70783 7.45097 4.3567 -2.73143 12.149 -5.573 12.7056 -0.0715828 1.81178 5.68194 7.51951 -3.03689 -6.69636 -4.80064 
0 0 0 0 0 0 0 0 0 0 0 0 0 0 0 0 0 0 0 0 0 0 0 0 0 0 0 0 0 0 0 0 0 0 0 0 0 0 0 0 0 0 0 0 0 0 0 0 0 54.5327 5.17001 6.86439 3.16971 7.3434 -5.69148 8.18945 -7.91832 10.7449 -6.31739 4.98335 0.618499 8.22841 -1.92319 7.86041 
0 0 0 0 0 0 0 0 0 0 0 0 0 0 0 0 0 0 0 0 0 0 0 0 0 0 0 0 0 0 0 0 0 0 0 0 0 0 0 0 0 0 0 0 0 0 0 0 0 0 -51.9868 12.3725 -0.00595705 -3.88434 -9.13038 -11.6226 -0.348482 -0.553257 7.84466 9.7713 -0.352602 -8.08558 9.55135 5.03029 
0 0 0 0 0 0 0 0 0 0 0 0 0 0 0 0 0 0 0 0 0 0 0 0 0 0 0 0 0 0 0 0 0 0 0 0 0 0 0 0 0 0 0 0 0 0 0 0 0 0 0 -51.6633 -11.9779 -3.67214 -1.27198 11.7783 -1.49107 -0.700243 -4.21765 5.7281 -3.23228 2.15128 3.2909 -6.73929 
0 0 0 0 0 0 0 0 0 0 0 0 0 0 0 0 0 0 0 0 0 0 0 0 0 0 0 0 0 0 0 0 0 0 0 0 0 0 0 0 0 0 0 0 0 0 0 0 0 0 0 0 -48.3954 3.90348 -5.19805 -5.15863 4.06443 -0.404108 7.76921 -5.23588 6.90926 2.24757 -13.6916 8.02953 
0 0 0 0 0 0 0 0 0 0 0 0 0 0 0 0 0 0 0 0 0 0 0 0 0 0 0 0 0 0 0 0 0 0 0 0 0 0 0 0 0 0 0 0 0 0 0 0 0 0 0 0 0 -48.8537 2.13713 0.463391 0.0975007 5.49856 5.8257 1.5088 5.2789 0.358228 6.02912 -7.48311 
0 0 0 0 0 0 0 0 0 0 0 0 0 0 0 0 0 0 0 0 0 0 0 0 0 0 0 0 0 0 0 0 0 0 0 0 0 0 0 0 0 0 0 0 0 0 0 0 0 0 0 0 0 0 45.5717 3.14846 -4.20204 0.769439 11.5217 8.12199 -3.94084 3.49139 -14.2259 -16.7973 
0 0 0 0 0 0 0 0 0 0 0 0 0 0 0 0 0 0 0 0 0 0 0 0 0 0 0 0 0 0 0 0 0 0 0 0 0 0 0 0 0 0 0 0 0 0 0 0 0 0 0 0 0 0 0 46.5292 -1.41807 -0.135401 5.48526 1.38562 -1.04301 0.83911 5.63334 3.4668 
0 0 0 0 0 0 0 0 0 0 0 0 0 0 0 0 0 0 0 0 0 0 0 0 0 0 0 0 0 0 0 0 0 0 0 0 0 0 0 0 0 0 0 0 0 0 0 0 0 0 0 0 0 0 0 0 52.0889 0.239871 14.8539 10.6227 -0.937867 6.05615 6.98368 11.2677 
0 0 0 0 0 0 0 0 0 0 0 0 0 0 0 0 0 0 0 0 0 0 0 0 0 0 0 0 0 0 0 0 0 0 0 0 0 0 0 0 0 0 0 0 0 0 0 0 0 0 0 0 0 0 0 0 0 -48.8507 2.33315 -4.09828 1.43467 -10.877 -1.07092 0.743281 
0 0 0 0 0 0 0 0 0 0 0 0 0 0 0 0 0 0 0 0 0 0 0 0 0 0 0 0 0 0 0 0 0 0 0 0 0 0 0 0 0 0 0 0 0 0 0 0 0 0 0 0 0 0 0 0 0 0 -48.7758 -8.43368 -7.84959 -6.15352 -1.43724 -2.61999 
0 0 0 0 0 0 0 0 0 0 0 0 0 0 0 0 0 0 0 0 0 0 0 0 0 0 0 0 0 0 0 0 0 0 0 0 0 0 0 0 0 0 0 0 0 0 0 0 0 0 0 0 0 0 0 0 0 0 0 46.89 12.8644 0.101718 -2.21968 -7.04541 
0 0 0 0 0 0 0 0 0 0 0 0 0 0 0 0 0 0 0 0 0 0 0 0 0 0 0 0 0 0 0 0 0 0 0 0 0 0 0 0 0 0 0 0 0 0 0 0 0 0 0 0 0 0 0 0 0 0 0 0 -45.2782 -7.08903 -3.24249 1.43367 
0 0 0 0 0 0 0 0 0 0 0 0 0 0 0 0 0 0 0 0 0 0 0 0 0 0 0 0 0 0 0 0 0 0 0 0 0 0 0 0 0 0 0 0 0 0 0 0 0 0 0 0 0 0 0 0 0 0 0 0 0 48.5563 -0.234939 -3.00806 
0 0 0 0 0 0 0 0 0 0 0 0 0 0 0 0 0 0 0 0 0 0 0 0 0 0 0 0 0 0 0 0 0 0 0 0 0 0 0 0 0 0 0 0 0 0 0 0 0 0 0 0 0 0 0 0 0 0 0 0 0 0 49.0699 4.45985 
0 0 0 0 0 0 0 0 0 0 0 0 0 0 0 0 0 0 0 0 0 0 0 0 0 0 0 0 0 0 0 0 0 0 0 0 0 0 0 0 0 0 0 0 0 0 0 0 0 0 0 0 0 0 0 0 0 0 0 0 0 0 0 40.9975 
