-165.969 -124.758 -123.763 -123.651 -127.676 -124.3 -123.428 -121.358 -113.879 -116.603 -122.23 -126.142 -130.65 -124.162 -122.766 -114.932 
0 -106.791 -40.0012 -45.3894 -39.8534 -48.822 -43.227 -52.4479 -40.5294 -41.4991 -43.5016 -44.894 -46.4982 -44.189 -43.6926 -40.9041 
0 0 -99.8162 -32.0632 -27.6861 -36.0832 -29.1389 -30.7238 -27.8561 -28.5226 -29.8989 -30.856 -31.9585 -30.3714 -30.0302 -28.1137 
0 0 0 -88.4069 -13.9244 -13.1266 -22.3107 -10.6728 -15.009 -15.368 -16.1096 -16.6253 -17.2193 -16.3642 -16.1803 -15.1477 
0 0 0 0 -92.4162 -20.8789 -16.556 -18.6956 -16.3214 -16.7119 -17.5183 -18.0791 -18.7251 -17.7952 -17.5952 -16.4723 
0 0 0 0 0 89.2355 15.2654 21.6141 14.8393 15.1943 15.9275 16.4373 17.0247 16.1792 15.9974 14.9765 
0 0 0 0 0 0 87.3722 8.48766 9.15738 9.37647 9.82892 10.1435 10.506 9.98425 9.87207 9.24204 
0 0 0 0 0 0 0 -87.0604 -10.1494 -10.3923 -10.8937 -11.2424 -11.6442 -11.0659 -10.9416 -10.2433 
0 0 0 0 0 0 0 0 85.1997 7.98935 8.54885 5.00401 5.71759 3.47863 8.48646 1.34856 
0 0 0 0 0 0 0 0 0 80.4398 8.5569 9.37586 11.3864 5.50843 5.87935 -8.77456 
0 0 0 0 0 0 0 0 0 0 85.3557 11.7135 7.36054 6.46933 7.31329 6.67942 
0 0 0 0 0 0 0 0 0 0 0 -84.3994 4.88705 -7.05567 -5.85107 -26.4609 
0 0 0 0 0 0 0 0 0 0 0 0 -85.8357 -4.67921 -8.06026 -9.75429 
0 0 0 0 0 0 0 0 0 0 0 0 0 -84.5319 0.634758 -4.45937 
0 0 0 0 0 0 0 0 0 0 0 0 0 0 -87.286 -2.87136 
0 0 0 0 0 0 0 0 0 0 0 0 0 0 0 -79.2604 
