-234.716 -176.434 -175.027 -174.869 -180.562 -175.787 -174.553 -171.625 -162.975 -175.626 -180.179 -168.078 -177.629 -174.729 -177.99 -182.395 
0 -151.025 -56.5703 -64.1904 -56.3613 -69.0448 -61.1322 -74.1725 -58.0029 -62.5051 -64.1256 -59.8189 -63.2183 -62.1861 -63.3466 -64.9145 
0 0 -141.161 -45.3442 -39.154 -51.0294 -41.2086 -43.45 -39.8658 -42.9602 -44.0739 -41.1139 -43.4503 -42.7409 -43.5385 -44.6161 
0 0 0 -125.026 -19.692 -18.5638 -31.5521 -15.0937 -21.4798 -23.147 -23.7471 -22.1523 -23.4111 -23.0289 -23.4587 -24.0393 
0 0 0 0 -130.696 -29.5272 -23.4137 -26.4395 -23.3581 -25.1712 -25.8237 -24.0894 -25.4583 -25.0427 -25.51 -26.1414 
0 0 0 0 0 126.198 21.5886 30.5669 21.237 22.8854 23.4787 21.9019 23.1465 22.7686 23.1935 23.7675 
0 0 0 0 0 0 123.563 12.0034 13.1054 14.1227 14.4888 13.5157 14.2838 14.0506 14.3128 14.667 
0 0 0 0 0 0 0 -123.122 -14.5252 -15.6526 -16.0584 -14.9799 -15.8312 -15.5728 -15.8634 -16.256 
0 0 0 0 0 0 0 0 117.465 13.0185 8.06135 0.124217 24.0876 7.87312 23.0943 18.6294 
0 0 0 0 0 0 0 0 0 121.018 11.519 24.4775 4.69035 17.3081 12.5043 17.2226 
0 0 0 0 0 0 0 0 0 0 121.402 9.80532 15.0317 10.3017 7.68 25.3333 
0 0 0 0 0 0 0 0 0 0 0 -120.212 -9.04958 -6.26456 -8.50285 -6.94451 
0 0 0 0 0 0 0 0 0 0 0 0 -119.292 -5.30394 0.422045 -3.54334 
0 0 0 0 0 0 0 0 0 0 0 0 0 -114.324 -12.9938 0.638398 
0 0 0 0 0 0 0 0 0 0 0 0 0 0 -115.369 -4.85864 
0 0 0 0 0 0 0 0 0 0 0 0 0 0 0 -112.093 
