-117.358 -88.2172 -87.5137 -87.4346 -90.2808 -87.8935 -87.2767 -85.8127 -77.3094 -83.7395 -77.1206 -87.7813 -82.7075 -90.1516 -92.3677 -86.0245 
0 -75.5126 -28.2851 -32.0952 -28.1806 -34.5224 -30.5661 -37.0862 -27.5144 -29.8029 -27.4472 -31.2413 -29.4356 -32.0849 -32.8736 -30.6161 
0 0 70.5807 22.6721 19.577 25.5147 20.6043 21.725 18.9108 20.4837 18.8646 21.4724 20.2313 22.0522 22.5943 21.0426 
0 0 0 -62.5131 -9.84601 -9.28188 -15.7761 -7.54684 -10.1892 -11.0367 -10.1643 -11.5694 -10.9007 -11.8818 -12.1738 -11.3378 
0 0 0 0 65.3481 14.7636 11.7069 13.2198 11.0802 12.0018 11.0531 12.5811 11.8539 12.9208 13.2384 12.3293 
0 0 0 0 0 63.099 10.7943 15.2835 10.074 10.9119 10.0494 11.4386 10.7774 11.7475 12.0362 11.2097 
0 0 0 0 0 0 61.7814 6.00168 6.21671 6.73378 6.20153 7.0588 6.6508 7.2494 7.4276 6.91753 
0 0 0 0 0 0 0 -61.561 -6.8902 -7.46328 -6.87337 -7.82351 -7.37131 -8.03476 -8.23227 -7.66693 
0 0 0 0 0 0 0 0 57.2478 5.78792 -2.12692 5.2381 6.38109 4.28558 2.35604 7.39761 
0 0 0 0 0 0 0 0 0 62.6276 -3.62763 11.6417 2.56531 4.92109 4.29935 4.37916 
0 0 0 0 0 0 0 0 0 0 -55.6302 -2.78503 -10.0675 -7.31296 -9.9027 -6.8601 
0 0 0 0 0 0 0 0 0 0 0 -56.3906 -6.60492 -1.23247 -2.35086 -3.5026 
0 0 0 0 0 0 0 0 0 0 0 0 -60.5356 3.5901 -10.1299 0.435207 
0 0 0 0 0 0 0 0 0 0 0 0 0 58.5645 7.01327 4.92896 
0 0 0 0 0 0 0 0 0 0 0 0 0 0 58.0989 4.86824 
0 0 0 0 0 0 0 0 0 0 0 0 0 0 0 -59.2607 
