-331.939 -249.516 -247.526 -247.302 -255.353 -248.6 -246.856 -242.715 -248.642 -256.631 -243.213 -245.431 -266.265 -258.213 -259.458 -242.732 -231.315 -249.22 -249.399 -249.607 -264.818 -236.18 -223.034 -253.594 -244.039 -250.897 -254.981 -245.118 -262.348 -242.388 -258.713 -244.682 -239.427 -246.255 -249.155 -254.831 -243.93 -244.834 -253.66 -252.062 -247.294 -246.607 -248.852 -247.897 -252.178 -245.712 -239.86 -250.743 -255.197 -249.614 -245.844 -248.319 -247.308 -247.748 -239.84 -249.975 -246.338 -247.513 -240.463 -250.051 -245.983 -254.033 -242.726 -249.845 
0 -213.582 -80.0024 -90.7789 -79.7069 -97.6441 -86.4539 -104.896 -87.5344 -85.4624 -83.7638 -95.5849 -91.2473 -90.9255 -85.963 -96.1848 -86.3869 -94.1384 -82.0184 -91.4324 -100.767 -67.5614 -88.688 -80.8751 -80.4276 -77.6737 -86.9792 -82.3556 -81.6737 -90.1084 -80.1752 -98.3564 -85.212 -87.642 -88.6743 -90.6943 -86.8147 -87.1362 -90.2775 -89.7089 -88.012 -87.7672 -88.5664 -88.2265 -89.75 -87.4487 -85.3663 -89.2395 -90.8246 -88.8377 -87.4958 -88.3768 -88.0169 -88.1734 -85.359 -88.9661 -87.6717 -88.0897 -85.5809 -88.9931 -87.5453 -90.4104 -86.3862 -88.9198 
0 0 -199.632 -64.1264 -55.3721 -72.1664 -58.2778 -61.4476 -57.5401 -70.3754 -68.212 -50.0216 -64.1686 -59.6135 -61.1776 -51.3304 -68.427 -48.4054 -59.8797 -64.4703 -48.9 -61.783 -63.1563 -53.3929 -61.8963 -48.1456 -59.2822 -59.6889 -42.8143 -70.8113 -59.9579 -62.5064 -58.5668 -60.2369 -60.9464 -62.3348 -59.6683 -59.8893 -62.0483 -61.6575 -60.4912 -60.323 -60.8723 -60.6387 -61.6857 -60.1041 -58.6728 -61.3349 -62.4243 -61.0587 -60.1364 -60.742 -60.4946 -60.6021 -58.6678 -61.147 -60.2573 -60.5446 -58.8203 -61.1656 -60.1704 -62.1397 -59.3738 -61.1151 
0 0 0 -176.814 -27.8487 -26.2531 -44.6214 -21.3457 -29.4287 -29.2339 -28.1664 -18.9059 -40.2752 -41.0953 -26.1549 -30.031 -25.778 -20.3336 -25.6703 -19.8683 -27.8695 -29.7975 -50.0185 -43.0604 -23.9374 -24.0546 -25.4148 -28.2164 -34.5736 -35.1615 -29.2541 -29.5514 -31.5559 -32.4558 -32.8381 -33.5861 -32.1494 -32.2685 -33.4318 -33.2212 -32.5928 -32.5022 -32.7981 -32.6723 -33.2364 -32.3842 -31.613 -33.0474 -33.6344 -32.8986 -32.4016 -32.7279 -32.5946 -32.6526 -31.6104 -32.9461 -32.4668 -32.6216 -31.6925 -32.9561 -32.42 -33.481 -31.9907 -32.929 
0 0 0 0 -184.832 -41.7578 -33.112 -37.3912 -41.253 -35.9613 -40.8835 -32.4868 -54.5714 -32.3436 -33.1441 -27.0946 -27.2103 -30.413 -41.101 -34.2244 -39.1235 -47.0993 -32.2736 -42.459 -23.6877 -45.9834 -33.0145 -42.8378 -47.4852 -34.7777 -53.3954 -37.5041 -34.3154 -35.2939 -35.7096 -36.5231 -34.9608 -35.0902 -36.3552 -36.1262 -35.4429 -35.3443 -35.6662 -35.5293 -36.1428 -35.2161 -34.3775 -35.9372 -36.5755 -35.7754 -35.235 -35.5898 -35.4449 -35.5079 -34.3745 -35.8271 -35.3059 -35.4742 -34.4639 -35.838 -35.255 -36.4088 -34.7882 -35.8085 
0 0 0 0 0 178.471 30.5308 43.2282 35.5943 34.2324 30.1146 34.7094 46.2862 26.6965 38.79 49.9189 32.5009 39.83 37.1489 38.1822 32.5218 30.7106 19.4507 31.068 19.2009 37.0324 22.7135 38.2106 36.9886 32.8836 38.3863 28.8269 31.1992 32.0889 32.4669 33.2065 31.786 31.9037 33.0539 32.8457 32.2244 32.1348 32.4274 32.3029 32.8607 32.0181 31.2557 32.6738 33.2542 32.5267 32.0354 32.358 32.2262 32.2835 31.253 32.5737 32.0998 32.2528 31.3343 32.5836 32.0535 33.1025 31.6291 32.5568 
0 0 0 0 0 0 174.744 16.9753 32.7252 22.6456 22.7071 23.7977 23.9885 8.22437 29.2918 40.5416 15.8762 27.1153 28.1741 21.0762 15.7805 11.0805 33.8008 4.83888 18.3748 18.8623 20.173 21.9661 13.062 23.2692 12.0431 19.3026 19.2532 19.8022 20.0354 20.4918 19.6153 19.6879 20.3977 20.2692 19.8858 19.8305 20.0111 19.9343 20.2785 19.7585 19.288 20.1631 20.5213 20.0723 19.7692 19.9682 19.8869 19.9222 19.2864 20.1014 19.8089 19.9033 19.3365 20.1075 19.7803 20.4277 19.5184 20.0909 
0 0 0 0 0 0 0 -174.121 -23.7062 -24.2948 -12.2916 -11.947 -20.7676 -10.7369 -21.4221 -17.0917 -24.3884 -14.0019 -25.3109 -18.9259 -18.3998 -26.8162 -16.3986 -26.0251 -24.4562 -24.1246 -16.7626 -28.6214 -23.1679 -24.7009 -24.8926 -15.8913 -21.3389 -21.9474 -22.206 -22.7118 -21.7403 -21.8208 -22.6074 -22.465 -22.0401 -21.9788 -22.1789 -22.0938 -22.4753 -21.8991 -21.3776 -22.3475 -22.7444 -22.2469 -21.9108 -22.1315 -22.0413 -22.0805 -21.3757 -22.279 -21.9549 -22.0596 -21.4313 -22.2858 -21.9232 -22.6407 -21.633 -22.2674 
0 0 0 0 0 0 0 0 176.435 17.3007 21.4369 10.4335 19.9429 17.5241 27.8989 7.45249 20.3013 24.7567 24.1955 12.6332 11.3668 14.8072 19.0244 16.9808 19.5952 10.3582 10.893 22.0727 13.1404 10.5879 8.63473 21.831 17.7415 18.2474 18.4624 18.8829 18.0752 18.1421 18.7962 18.6778 18.3245 18.2735 18.4399 18.3692 18.6863 18.2072 17.7736 18.5801 18.9101 18.4964 18.217 18.4004 18.3255 18.3581 17.7721 18.5231 18.2536 18.3407 17.8183 18.5288 18.2273 18.8239 17.986 18.5135 
0 0 0 0 0 0 0 0 0 -169.428 -25.1201 -3.05905 -15.4641 -10.6573 -30.8139 -17.981 -21.2655 -23.756 -20.4671 -14.3209 -2.77581 -11.4283 -13.164 -12.8549 -25.3788 -20.5635 -20.3864 -24.1673 -11.6248 -11.1111 -22.9125 -17.8592 -16.5209 -16.992 -17.1921 -17.5837 -16.8316 -16.8939 -17.5029 -17.3927 -17.0637 -17.0162 -17.1712 -17.1053 -17.4007 -16.9545 -16.5508 -17.3017 -17.609 -17.2238 -16.9636 -17.1344 -17.0647 -17.095 -16.5493 -17.2487 -16.9977 -17.0788 -16.5924 -17.2539 -16.9732 -17.5287 -16.7485 -17.2397 
0 0 0 0 0 0 0 0 0 0 -168.967 -2.36684 -23.2075 -19.3565 -12.307 -20.4169 -19.616 -4.86151 -15.5909 -17.2011 -14.3995 -19.0129 -10.4066 -13.7368 -15.0662 -10.1857 -15.4923 -14.0491 -13.0655 -20.4387 2.59794 -4.72459 -13.7372 -14.129 -14.2954 -14.621 -13.9956 -14.0474 -14.5538 -14.4622 -14.1886 -14.1492 -14.278 -14.2232 -14.4688 -14.0978 -13.7621 -14.3865 -14.642 -14.3217 -14.1054 -14.2474 -14.1894 -14.2146 -13.7609 -14.3424 -14.1338 -14.2011 -13.7967 -14.3468 -14.1134 -14.5753 -13.9265 -14.335 
0 0 0 0 0 0 0 0 0 0 0 -171.486 -12.0137 -8.6513 -13.2644 -16.4776 -10.9672 -18.5409 -30.4822 -25.9481 -16.7532 -7.45244 -17.2135 -19.1055 -36.5731 -15.6877 -12.0055 -6.58902 -13.5427 -30.6993 -5.6632 -32.0598 -14.4581 -14.8704 -15.0455 -15.3883 -14.73 -14.7846 -15.3175 -15.2211 -14.9332 -14.8916 -15.0272 -14.9696 -15.228 -14.8376 -14.4842 -15.1414 -15.4104 -15.0732 -14.8456 -14.9951 -14.934 -14.9605 -14.483 -15.095 -14.8754 -14.9463 -14.5207 -15.0996 -14.854 -15.3401 -14.6573 -15.0872 
0 0 0 0 0 0 0 0 0 0 0 0 -168.242 -0.911518 -1.9173 -14.0895 -17.2537 -11.5387 -12.9683 -1.94224 -16.4182 -3.81329 -4.84094 -15.4059 2.77897 0.0138555 -11.4769 -13.7553 -12.8132 -12.4615 -7.0133 -8.302 -9.04574 -9.30369 -9.41328 -9.62771 -9.21587 -9.25 -9.58346 -9.5231 -9.34297 -9.31699 -9.40182 -9.36574 -9.52747 -9.28317 -9.06211 -9.47327 -9.64154 -9.43062 -9.28817 -9.3817 -9.34349 -9.3601 -9.06134 -9.44425 -9.30685 -9.35122 -9.08489 -9.44712 -9.29342 -9.59758 -9.17038 -9.43934 
0 0 0 0 0 0 0 0 0 0 0 0 0 -170.885 -14.0632 -15.4425 -8.24091 -21.1557 2.09682 -7.89029 1.78698 -25.6849 -23.4079 -11.3044 -4.00876 -8.69109 -1.6666 -0.738057 -4.1512 -5.88985 -20.3751 -18.073 -9.26807 -9.53236 -9.64464 -9.86434 -9.44239 -9.47736 -9.81902 -9.75717 -9.57261 -9.54599 -9.63291 -9.59594 -9.76164 -9.51135 -9.28485 -9.70612 -9.87852 -9.66242 -9.51646 -9.61229 -9.57314 -9.59016 -9.28406 -9.67638 -9.5356 -9.58106 -9.30819 -9.67932 -9.52184 -9.83348 -9.39578 -9.67134 
0 0 0 0 0 0 0 0 0 0 0 0 0 0 167.581 16.6188 15.5536 5.96094 -0.498358 11.7469 14.8737 11.9722 19.4677 19.5734 3.77436 8.17149 15.7894 11.1588 8.59267 12.7118 7.78032 18.8918 12.2289 12.5776 12.7257 13.0156 12.4589 12.505 12.9558 12.8742 12.6307 12.5956 12.7103 12.6615 12.8801 12.5499 12.251 12.8068 13.0343 12.7492 12.5566 12.683 12.6314 12.6538 12.25 12.7676 12.5819 12.6418 12.2818 12.7715 12.5637 12.9749 12.3974 12.761 
0 0 0 0 0 0 0 0 0 0 0 0 0 0 0 -156.49 -7.56762 -0.466924 -10.829 -14.9732 -1.87762 -9.84707 -10.9254 -4.37584 -1.55492 -5.75476 -11.6458 -9.24358 -3.71291 -7.37239 -22.7137 -9.73865 -7.73144 -7.95191 -8.04558 -8.22885 -7.87685 -7.90602 -8.19104 -8.13944 -7.98549 -7.96328 -8.03579 -8.00495 -8.14318 -7.93438 -7.74543 -8.09686 -8.24067 -8.0604 -7.93865 -8.01859 -7.98593 -8.00013 -7.74478 -8.07205 -7.95461 -7.99253 -7.76491 -8.0745 -7.94314 -8.2031 -7.83797 -8.06785 
0 0 0 0 0 0 0 0 0 0 0 0 0 0 0 0 158.108 8.18851 14.7024 22.556 2.39402 6.89342 20.6315 4.63768 7.68291 8.126 9.45805 3.18761 14.5505 -0.403883 6.85687 3.92411 8.36179 8.60023 8.70153 8.89975 8.51905 8.5506 8.85885 8.80305 8.63654 8.61252 8.69095 8.6576 8.80709 8.58127 8.37692 8.75699 8.91254 8.71757 8.58589 8.67234 8.63702 8.65238 8.37621 8.73017 8.60315 8.64417 8.39798 8.73282 8.59074 8.8719 8.477 8.72562 
0 0 0 0 0 0 0 0 0 0 0 0 0 0 0 0 0 -165.583 -3.49422 -19.4304 -11.8424 1.87955 -18.9789 -17.0739 -2.99768 -18.8706 1.62076 -0.785063 -16.3093 -5.53473 2.41085 -13.1386 -10.3555 -10.6508 -10.7762 -11.0217 -10.5502 -10.5893 -10.971 -10.9019 -10.6957 -10.666 -10.7631 -10.7218 -10.9069 -10.6273 -10.3742 -10.8449 -11.0375 -10.7961 -10.633 -10.7401 -10.6963 -10.7153 -10.3733 -10.8117 -10.6544 -10.7052 -10.4003 -10.815 -10.639 -10.9872 -10.4981 -10.806 
0 0 0 0 0 0 0 0 0 0 0 0 0 0 0 0 0 0 159.133 12.1552 26.7425 16.8998 12.2121 5.79032 -4.67294 1.31045 8.72698 2.80177 15.8265 28.6658 -5.95627 2.97778 8.79218 9.0429 9.14942 9.35784 8.95755 8.99072 9.31484 9.25617 9.08108 9.05583 9.13829 9.10322 9.26041 9.02297 8.8081 9.20774 9.37128 9.16628 9.02782 9.11873 9.08159 9.09773 8.80735 9.17953 9.04597 9.0891 8.83024 9.18232 9.03293 9.32856 8.91333 9.17475 
0 0 0 0 0 0 0 0 0 0 0 0 0 0 0 0 0 0 0 163.456 -1.10673 10.7737 4.92197 13.2033 -3.74585 6.44901 10.8075 12.7618 14.1618 2.31275 0.627314 4.3709 10.3205 10.6148 10.7398 10.9845 10.5146 10.5535 10.934 10.8651 10.6596 10.63 10.7267 10.6856 10.8701 10.5914 10.3392 10.8083 11.0002 10.7596 10.5971 10.7038 10.6602 10.6791 10.3383 10.7752 10.6184 10.669 10.3652 10.7784 10.6031 10.9501 10.4627 10.7695 
0 0 0 0 0 0 0 0 0 0 0 0 0 0 0 0 0 0 0 0 -159.652 -8.63428 -20.808 -8.50565 9.46918 -4.17467 -2.56892 -12.7906 5.61418 10.1004 -2.04056 -9.63267 -3.64111 -3.74494 -3.78905 -3.87536 -3.70959 -3.72333 -3.85756 -3.83326 -3.76075 -3.75029 -3.78444 -3.76992 -3.83502 -3.73668 -3.6477 -3.8132 -3.88093 -3.79603 -3.73869 -3.77634 -3.76096 -3.76765 -3.64739 -3.80152 -3.74621 -3.76407 -3.65687 -3.80267 -3.74081 -3.86324 -3.69128 -3.79954 
0 0 0 0 0 0 0 0 0 0 0 0 0 0 0 0 0 0 0 0 0 156.48 1.34718 11.3385 -4.08143 -1.44316 -7.05559 14.4596 9.21307 12.124 3.19681 8.07311 4.83254 4.97035 5.02889 5.14345 4.92343 4.94167 5.11981 5.08757 4.99133 4.97745 5.02277 5.0035 5.0899 4.95939 4.84129 5.06095 5.15084 5.03816 4.96206 5.01202 4.99161 5.00048 4.84088 5.04544 4.97204 4.99574 4.85346 5.04697 4.96486 5.12735 4.89913 5.04282 
0 0 0 0 0 0 0 0 0 0 0 0 0 0 0 0 0 0 0 0 0 0 -159.377 6.06128 -9.04954 -20.4807 6.16096 -1.77487 3.58761 0.140768 0.729888 1.44661 -7.31268 -7.52121 -7.6098 -7.78315 -7.45021 -7.47781 -7.74738 -7.69858 -7.55296 -7.53196 -7.60054 -7.57137 -7.70211 -7.50462 -7.32591 -7.6583 -7.79433 -7.62382 -7.50866 -7.58427 -7.55338 -7.56681 -7.32529 -7.63484 -7.52376 -7.55963 -7.34433 -7.63716 -7.51291 -7.75879 -7.41344 -7.63087 
0 0 0 0 0 0 0 0 0 0 0 0 0 0 0 0 0 0 0 0 0 0 0 -167.375 -13.4274 -5.69722 -10.7251 -9.571 -17.5148 -7.85192 -5.3246 -4.5094 -8.71938 -8.96802 -9.07366 -9.28035 -8.88337 -8.91627 -9.23771 -9.17952 -9.00589 -8.98084 -9.06262 -9.02784 -9.18373 -8.94825 -8.73516 -9.13149 -9.29368 -9.09038 -8.95307 -9.04322 -9.00639 -9.0224 -8.73442 -9.10351 -8.97107 -9.01384 -8.75712 -9.10628 -8.95813 -9.25131 -8.83952 -9.09878 
0 0 0 0 0 0 0 0 0 0 0 0 0 0 0 0 0 0 0 0 0 0 0 0 150.26 13.8598 -9.72255 -2.82847 -6.70785 -0.118052 -7.04403 4.65429 4.21133 4.33142 4.38244 4.48227 4.29053 4.30642 4.46167 4.43357 4.34971 4.33761 4.37711 4.36031 4.4356 4.32187 4.21895 4.41037 4.48871 4.39051 4.32419 4.36774 4.34995 4.35768 4.21859 4.39686 4.33289 4.35355 4.22956 4.3982 4.32664 4.46824 4.26935 4.39457 
0 0 0 0 0 0 0 0 0 0 0 0 0 0 0 0 0 0 0 0 0 0 0 0 0 166.172 1.82469 10.4645 16.74 0.503313 19.7523 7.90467 7.73478 7.95535 8.04905 8.23241 7.88026 7.90944 8.19458 8.14296 7.98894 7.96672 8.03926 8.00841 8.14669 7.93781 7.74878 8.10036 8.24423 8.06388 7.94208 8.02205 7.98938 8.00358 7.74812 8.07554 7.95805 7.99599 7.76826 8.07799 7.94657 8.20664 7.84136 8.07134 
0 0 0 0 0 0 0 0 0 0 0 0 0 0 0 0 0 0 0 0 0 0 0 0 0 0 -163.109 -11.2542 -9.59446 -6.21287 -9.31822 -12.8039 -7.22555 -7.43159 -7.51913 -7.69041 -7.36144 -7.38871 -7.65507 -7.60685 -7.46297 -7.44221 -7.50998 -7.48116 -7.61034 -7.41521 -7.23863 -7.56705 -7.70146 -7.53298 -7.4192 -7.4939 -7.46338 -7.47665 -7.23801 -7.54387 -7.43411 -7.46956 -7.25682 -7.54616 -7.42339 -7.66634 -7.32511 -7.53994 
0 0 0 0 0 0 0 0 0 0 0 0 0 0 0 0 0 0 0 0 0 0 0 0 0 0 0 164.912 -2.73027 0.917173 4.72477 6.10933 5.54126 5.69927 5.7664 5.89776 5.64548 5.66638 5.87066 5.83368 5.72333 5.70742 5.75939 5.73729 5.83635 5.6867 5.55129 5.80316 5.90623 5.77703 5.68976 5.74706 5.72365 5.73383 5.55081 5.78538 5.70121 5.72839 5.56524 5.78714 5.69298 5.8793 5.61761 5.78237 
0 0 0 0 0 0 0 0 0 0 0 0 0 0 0 0 0 0 0 0 0 0 0 0 0 0 0 0 163.627 9.09168 25.7812 -1.0694 7.02406 7.22436 7.30946 7.47597 7.15617 7.18268 7.44161 7.39474 7.25487 7.23469 7.30057 7.27255 7.39813 7.20844 7.03678 7.35605 7.48671 7.32293 7.21231 7.28494 7.25527 7.26817 7.03618 7.33351 7.22682 7.26127 7.05447 7.33574 7.21639 7.45257 7.12085 7.32969 
0 0 0 0 0 0 0 0 0 0 0 0 0 0 0 0 0 0 0 0 0 0 0 0 0 0 0 0 0 -173.358 -16.3833 -2.47643 -7.20476 -7.41021 -7.4975 -7.66828 -7.34026 -7.36745 -7.63305 -7.58497 -7.4415 -7.4208 -7.48837 -7.45964 -7.58844 -7.39387 -7.2178 -7.54528 -7.6793 -7.51131 -7.39785 -7.47234 -7.44191 -7.45514 -7.21718 -7.52217 -7.41273 -7.44807 -7.23594 -7.52445 -7.40203 -7.64429 -7.30403 -7.51825 
0 0 0 0 0 0 0 0 0 0 0 0 0 0 0 0 0 0 0 0 0 0 0 0 0 0 0 0 0 0 158.378 4.91089 4.67294 4.8062 4.86281 4.97358 4.76083 4.77846 4.95073 4.91954 4.82649 4.81307 4.85689 4.83826 4.9218 4.7956 4.6814 4.8938 4.98073 4.87177 4.79818 4.8465 4.82676 4.83534 4.681 4.87881 4.80783 4.83075 4.69317 4.88029 4.80089 4.95802 4.73733 4.87627 
0 0 0 0 0 0 0 0 0 0 0 0 0 0 0 0 0 0 0 0 0 0 0 0 0 0 0 0 0 0 0 -162.011 -4.34399 -4.46787 -4.52049 -4.62347 -4.42569 -4.44208 -4.60222 -4.57323 -4.48673 -4.47425 -4.51499 -4.49767 -4.57533 -4.45801 -4.35185 -4.5493 -4.63011 -4.52882 -4.46041 -4.50533 -4.48698 -4.49496 -4.35148 -4.53537 -4.46938 -4.49069 -4.36279 -4.53675 -4.46294 -4.609 -4.40385 -4.53301 
0 0 0 0 0 0 0 0 0 0 0 0 0 0 0 0 0 0 0 0 0 0 0 0 0 0 0 0 0 0 0 0 -162.854 -9.58002 -16.7171 -16.8342 -1.45551 -7.7625 -1.43143 2.63278 -15.197 -6.2015 -0.751502 -7.37491 9.32449 -0.0175189 -17.0148 -4.75196 -6.57503 2.67107 -3.66994 8.37292 -0.238208 -13.8836 -6.94551 -10.2289 -4.82376 -8.11599 -6.77755 -1.85046 -5.43161 -5.68907 -10.8424 -5.68322 
0 0 0 0 0 0 0 0 0 0 0 0 0 0 0 0 0 0 0 0 0 0 0 0 0 0 0 0 0 0 0 0 0 166.625 5.20686 1.05249 7.47813 5.20277 3.06912 7.02106 3.69819 -1.41044 6.28617 0.712676 1.39428 1.71504 2.81502 -1.58788 3.22683 3.87556 3.47029 3.22195 14.6281 3.63991 3.41738 5.89565 13.0111 2.0679 7.30141 9.01967 0.47186 -6.92648 5.63024 16.5005 
0 0 0 0 0 0 0 0 0 0 0 0 0 0 0 0 0 0 0 0 0 0 0 0 0 0 0 0 0 0 0 0 0 0 161.464 -7.86992 5.82626 4.08329 11.3417 8.69513 7.38976 3.14034 11.1257 4.41695 -2.95848 7.11558 11.1438 6.90281 9.02827 2.75106 -0.454075 10.1156 5.05532 2.3596 -0.102607 -2.36193 1.91773 9.60268 4.02867 8.14305 0.169343 -3.6892 8.44309 6.58613 
0 0 0 0 0 0 0 0 0 0 0 0 0 0 0 0 0 0 0 0 0 0 0 0 0 0 0 0 0 0 0 0 0 0 0 -159.43 -7.39384 -4.26153 -5.81745 -5.27431 -9.52207 -0.500373 -7.10686 -10.7171 -9.29401 -11.4854 -7.28271 -5.87567 -3.75715 -5.21093 -2.804 5.85723 -5.48929 -9.99338 -5.65318 -12.8322 4.32248 1.13023 -7.26253 3.50384 5.44842 -5.64411 8.97376 -0.346582 
0 0 0 0 0 0 0 0 0 0 0 0 0 0 0 0 0 0 0 0 0 0 0 0 0 0 0 0 0 0 0 0 0 0 0 0 -164.692 -0.897222 -5.51425 -2.26737 9.03887 0.762366 -7.69078 3.41316 -1.13796 -8.16328 -3.14324 -3.18456 -6.65681 -8.64381 -6.37175 -7.02644 4.20087 -5.36667 -11.3336 -12.8518 -2.67407 -1.38498 4.96924 -1.91666 12.06 -1.48005 -1.82127 -4.17453 
0 0 0 0 0 0 0 0 0 0 0 0 0 0 0 0 0 0 0 0 0 0 0 0 0 0 0 0 0 0 0 0 0 0 0 0 0 167.911 2.304 15.0804 2.26144 8.26809 7.8885 -4.78811 5.28524 -0.363382 -9.15927 0.646481 5.89112 2.97212 -2.17395 4.37313 1.1391 10.5083 3.27257 7.79982 1.32423 7.49093 3.10348 13.8296 8.91538 2.48502 -3.27477 3.22523 
0 0 0 0 0 0 0 0 0 0 0 0 0 0 0 0 0 0 0 0 0 0 0 0 0 0 0 0 0 0 0 0 0 0 0 0 0 0 166.263 -0.179163 7.22767 4.35529 6.74234 -1.17583 8.4388 11.4124 6.82544 4.36209 3.59313 3.60458 -3.97372 -3.54902 3.45308 6.62026 5.64474 -4.61258 2.60789 3.51948 8.3283 -3.35651 -6.64189 6.48094 12.0676 2.66403 
0 0 0 0 0 0 0 0 0 0 0 0 0 0 0 0 0 0 0 0 0 0 0 0 0 0 0 0 0 0 0 0 0 0 0 0 0 0 0 -159.156 -16.6285 -12.9195 4.45084 -11.0947 3.55347 -3.37969 0.97376 -8.78103 -7.9709 -3.81698 -2.97316 -0.931355 -2.44477 -7.87572 0.197727 -12.0947 -6.36442 -2.76795 -0.184751 -1.94308 -14.0281 -6.89369 4.43307 -7.27731 
0 0 0 0 0 0 0 0 0 0 0 0 0 0 0 0 0 0 0 0 0 0 0 0 0 0 0 0 0 0 0 0 0 0 0 0 0 0 0 0 -164.353 -10.6542 -8.19833 -12.4434 4.92157 -7.00993 -2.83058 -5.09903 3.45941 8.94051 2.46991 3.37283 -6.10432 -8.81786 1.03264 -6.07992 -2.75153 -6.5744 -10.0943 -3.37347 -3.99105 -2.6909 -7.40234 -4.01861 
0 0 0 0 0 0 0 0 0 0 0 0 0 0 0 0 0 0 0 0 0 0 0 0 0 0 0 0 0 0 0 0 0 0 0 0 0 0 0 0 0 165.189 -2.94753 3.60503 -5.09789 5.56332 5.88264 -0.317689 4.42119 2.2301 6.72817 0.442515 5.01322 2.08484 4.03818 2.4177 5.51293 8.98458 5.44152 19.3168 -1.35556 -3.87818 -7.29359 8.22643 
0 0 0 0 0 0 0 0 0 0 0 0 0 0 0 0 0 0 0 0 0 0 0 0 0 0 0 0 0 0 0 0 0 0 0 0 0 0 0 0 0 0 -163.452 -0.650484 -0.0803015 -1.29707 -0.360001 -6.52185 -6.55261 5.52447 -3.4236 0.295215 -9.12978 6.52034 -6.32453 -5.16934 -1.04283 -3.0658 -7.4332 -3.01289 0.445463 3.02264 -3.08633 0.587184 
0 0 0 0 0 0 0 0 0 0 0 0 0 0 0 0 0 0 0 0 0 0 0 0 0 0 0 0 0 0 0 0 0 0 0 0 0 0 0 0 0 0 0 160.959 2.23192 3.58299 0.422342 13.3493 -9.57383 5.47909 0.697809 2.18253 12.6552 -0.20802 -2.04156 8.17329 3.75521 1.11713 6.72221 -1.18597 6.67259 12.0364 3.60508 10.2889 
0 0 0 0 0 0 0 0 0 0 0 0 0 0 0 0 0 0 0 0 0 0 0 0 0 0 0 0 0 0 0 0 0 0 0 0 0 0 0 0 0 0 0 0 159.723 1.78395 8.99478 -4.6592 6.2 9.76971 1.8461 2.98912 6.94491 14.3537 9.23509 -2.88313 0.596979 12.7794 -7.07977 -3.12098 12.9831 12.23 -5.05274 -2.00994 
0 0 0 0 0 0 0 0 0 0 0 0 0 0 0 0 0 0 0 0 0 0 0 0 0 0 0 0 0 0 0 0 0 0 0 0 0 0 0 0 0 0 0 0 0 166.423 -0.370756 -1.41859 -0.389395 7.62717 -7.79761 3.03349 10.5799 10.4199 6.91722 3.9667 5.45961 -5.72423 5.46251 -1.35745 12.208 6.53493 5.25366 13.3767 
0 0 0 0 0 0 0 0 0 0 0 0 0 0 0 0 0 0 0 0 0 0 0 0 0 0 0 0 0 0 0 0 0 0 0 0 0 0 0 0 0 0 0 0 0 0 -163.879 1.96275 3.38873 -2.28957 -6.39914 2.68974 -0.266275 1.08694 -11.9401 4.53696 -9.94178 -3.82955 -2.83776 -8.61451 -3.51936 -3.0794 5.694 -13.5338 
0 0 0 0 0 0 0 0 0 0 0 0 0 0 0 0 0 0 0 0 0 0 0 0 0 0 0 0 0 0 0 0 0 0 0 0 0 0 0 0 0 0 0 0 0 0 0 -161.546 -11.5809 -15.1798 -7.8924 -4.71299 -6.48017 -3.45149 -2.57945 -6.14132 5.80238 5.23134 -8.76123 -4.11621 -2.43499 12.0884 -3.23715 6.73992 
0 0 0 0 0 0 0 0 0 0 0 0 0 0 0 0 0 0 0 0 0 0 0 0 0 0 0 0 0 0 0 0 0 0 0 0 0 0 0 0 0 0 0 0 0 0 0 0 -164.508 -15.5656 3.86178 -13.2826 -1.72508 6.83047 -12.0603 2.13654 0.205725 -4.56193 -2.84716 -8.60879 -4.98375 -0.529786 -12.8507 3.04716 
0 0 0 0 0 0 0 0 0 0 0 0 0 0 0 0 0 0 0 0 0 0 0 0 0 0 0 0 0 0 0 0 0 0 0 0 0 0 0 0 0 0 0 0 0 0 0 0 0 164.733 -1.75632 -6.89556 -1.53232 6.52567 3.20763 0.141276 4.09037 6.0036 15.5784 -6.00933 -7.54028 8.41591 16.4604 9.1805 
0 0 0 0 0 0 0 0 0 0 0 0 0 0 0 0 0 0 0 0 0 0 0 0 0 0 0 0 0 0 0 0 0 0 0 0 0 0 0 0 0 0 0 0 0 0 0 0 0 0 -163.58 -1.18515 -1.63265 -6.31987 -11.97 -7.05559 2.92363 1.63299 -3.66558 -6.26505 -15.0483 -12.156 -11.3688 -6.37772 
0 0 0 0 0 0 0 0 0 0 0 0 0 0 0 0 0 0 0 0 0 0 0 0 0 0 0 0 0 0 0 0 0 0 0 0 0 0 0 0 0 0 0 0 0 0 0 0 0 0 0 168.276 5.86589 13.2026 10.4311 0.178161 -3.50284 9.08473 -2.52353 4.08026 10.0967 4.58472 6.01818 -6.98925 
0 0 0 0 0 0 0 0 0 0 0 0 0 0 0 0 0 0 0 0 0 0 0 0 0 0 0 0 0 0 0 0 0 0 0 0 0 0 0 0 0 0 0 0 0 0 0 0 0 0 0 0 164.854 -13.0585 3.24802 -2.51491 -5.11623 8.5134 7.09675 0.851595 15.5141 8.29981 4.80973 9.04428 
0 0 0 0 0 0 0 0 0 0 0 0 0 0 0 0 0 0 0 0 0 0 0 0 0 0 0 0 0 0 0 0 0 0 0 0 0 0 0 0 0 0 0 0 0 0 0 0 0 0 0 0 0 -163.71 -0.637056 -10.4322 -4.49789 4.59014 -17.9907 6.26297 6.27747 -4.81213 -5.61162 -6.67255 
0 0 0 0 0 0 0 0 0 0 0 0 0 0 0 0 0 0 0 0 0 0 0 0 0 0 0 0 0 0 0 0 0 0 0 0 0 0 0 0 0 0 0 0 0 0 0 0 0 0 0 0 0 0 -163.342 0.759344 -10.5361 0.826079 -4.51104 12.0658 -4.55473 -16.4151 -2.03857 5.19056 
0 0 0 0 0 0 0 0 0 0 0 0 0 0 0 0 0 0 0 0 0 0 0 0 0 0 0 0 0 0 0 0 0 0 0 0 0 0 0 0 0 0 0 0 0 0 0 0 0 0 0 0 0 0 0 163.503 -14.7509 -5.33433 -7.74354 2.91425 -5.47309 7.28395 16.9258 2.38933 
0 0 0 0 0 0 0 0 0 0 0 0 0 0 0 0 0 0 0 0 0 0 0 0 0 0 0 0 0 0 0 0 0 0 0 0 0 0 0 0 0 0 0 0 0 0 0 0 0 0 0 0 0 0 0 0 -163.305 7.54742 0.431468 -4.1729 -7.02048 7.49076 -14.7779 -3.91516 
0 0 0 0 0 0 0 0 0 0 0 0 0 0 0 0 0 0 0 0 0 0 0 0 0 0 0 0 0 0 0 0 0 0 0 0 0 0 0 0 0 0 0 0 0 0 0 0 0 0 0 0 0 0 0 0 0 -165.484 -0.541459 -1.18074 -5.78179 0.201994 -3.47085 0.523238 
0 0 0 0 0 0 0 0 0 0 0 0 0 0 0 0 0 0 0 0 0 0 0 0 0 0 0 0 0 0 0 0 0 0 0 0 0 0 0 0 0 0 0 0 0 0 0 0 0 0 0 0 0 0 0 0 0 0 154.239 4.77022 -3.31272 1.44117 7.87947 7.14275 
0 0 0 0 0 0 0 0 0 0 0 0 0 0 0 0 0 0 0 0 0 0 0 0 0 0 0 0 0 0 0 0 0 0 0 0 0 0 0 0 0 0 0 0 0 0 0 0 0 0 0 0 0 0 0 0 0 0 0 162.974 -0.527268 5.67004 0.634734 -9.29193 
0 0 0 0 0 0 0 0 0 0 0 0 0 0 0 0 0 0 0 0 0 0 0 0 0 0 0 0 0 0 0 0 0 0 0 0 0 0 0 0 0 0 0 0 0 0 0 0 0 0 0 0 0 0 0 0 0 0 0 0 162.332 12.2045 1.15958 5.55155 
0 0 0 0 0 0 0 0 0 0 0 0 0 0 0 0 0 0 0 0 0 0 0 0 0 0 0 0 0 0 0 0 0 0 0 0 0 0 0 0 0 0 0 0 0 0 0 0 0 0 0 0 0 0 0 0 0 0 0 0 0 164.707 -2.89206 -3.26376 
0 0 0 0 0 0 0 0 0 0 0 0 0 0 0 0 0 0 0 0 0 0 0 0 0 0 0 0 0 0 0 0 0 0 0 0 0 0 0 0 0 0 0 0 0 0 0 0 0 0 0 0 0 0 0 0 0 0 0 0 0 0 161.15 2.1543 
0 0 0 0 0 0 0 0 0 0 0 0 0 0 0 0 0 0 0 0 0 0 0 0 0 0 0 0 0 0 0 0 0 0 0 0 0 0 0 0 0 0 0 0 0 0 0 0 0 0 0 0 0 0 0 0 0 0 0 0 0 0 0 -157.963 
