3200.53 
178.973 
177.585 
173.54 
172.656 
172.326 
171.064 
170.916 
169.472 
169.014 
168.5 
167.429 
166.811 
165.555 
164.781 
164.172 
163.669 
162.423 
162.167 
161.393 
161.072 
159.814 
159.26 
158.922 
158.75 
158.008 
157.397 
157.196 
156.849 
155.828 
154.639 
154.513 
153.566 
153.225 
151.878 
151.759 
151.387 
150.927 
150.325 
149.962 
149.18 
148.714 
148.159 
147.311 
146.908 
146.689 
145.941 
145.617 
144.647 
144.335 
143.888 
143.412 
142.627 
142.189 
141.952 
141.421 
141.113 
140.559 
140.383 
139.569 
139.195 
138.348 
137.976 
137.199 
136.763 
136.593 
136.375 
136.156 
135.2 
134.635 
133.905 
133.515 
133.05 
132.799 
132.505 
132.195 
131.47 
131.221 
130.802 
129.946 
129.611 
129.249 
128.304 
127.941 
127.505 
127.122 
126.925 
126.532 
125.945 
125.415 
124.836 
124.619 
124.474 
123.983 
123.673 
123.145 
122.715 
122.273 
121.895 
121.372 
120.662 
120.39 
119.785 
119.579 
119.381 
119.196 
118.572 
117.982 
117.562 
117.171 
116.808 
116.337 
116.099 
115.626 
115.229 
114.459 
114.329 
114.058 
113.451 
113.099 
112.667 
111.917 
111.665 
111.508 
111.032 
110.522 
110.117 
109.629 
109.327 
108.752 
108.228 
107.229 
107.031 
106.651 
106.309 
106.245 
105.575 
105.499 
104.919 
104.652 
104.553 
104.032 
103.561 
103.215 
102.695 
102.276 
101.89 
101.818 
101.368 
100.791 
100.522 
99.9973 
99.9716 
99.4255 
99.0107 
98.63 
98.0179 
97.4871 
97.3957 
97.28 
96.72 
95.6045 
95.1446 
94.9798 
94.6465 
93.9829 
93.864 
93.3775 
92.3481 
92.0837 
91.4935 
90.842 
90.741 
90.2538 
89.9862 
89.8131 
89.4681 
89.445 
89.2599 
89.203 
88.6927 
87.8852 
86.9261 
86.6037 
86.2265 
85.8212 
85.5754 
85.3331 
85.1077 
84.2137 
83.4548 
83.0071 
82.9821 
82.6257 
82.2533 
81.4765 
81.0381 
80.7218 
80.4418 
80.1794 
80.0249 
78.8997 
78.4733 
78.354 
78.0885 
77.6308 
77.3647 
77.0247 
76.6342 
76.3607 
76.004 
75.435 
74.95 
74.4668 
73.7397 
73.4465 
73.1312 
72.6428 
72.3182 
71.0947 
70.7182 
70.2205 
70.1535 
69.3123 
68.6053 
68.4482 
68.3568 
67.2974 
66.8265 
66.5484 
66.2007 
65.8642 
65.6255 
65.4362 
64.3334 
63.5512 
63.4298 
63.2013 
63.0548 
62.7117 
62.2751 
61.7016 
60.9772 
60.3472 
59.9727 
58.1786 
57.7589 
57.4262 
56.7539 
55.7932 
55.6795 
54.383 
53.5542 
53.4265 
52.7843 
52.3404 
