-234.716 -176.434 -175.027 -174.869 -180.562 -175.787 -174.553 -171.625 -175.817 -181.465 -171.977 -173.546 -188.278 -182.584 -183.464 -171.638 -163.564 -176.225 -176.352 -176.499 -187.255 -167.004 -157.709 -179.318 -172.562 -177.411 -180.298 -173.325 -185.508 -171.395 -182.938 -173.017 -162.975 -175.626 -180.179 -168.078 -177.629 -174.729 -177.99 -182.395 -176.715 -168.254 -177.121 -169.126 -181.801 -176.928 -179.687 -176.782 -176.879 -172.849 -177.614 -171.14 -180.365 -171.565 -172.813 -177.766 -177.373 -179.26 -175.662 -171.827 -164.963 -174.251 -169.514 -185.09 
0 -151.025 -56.5703 -64.1904 -56.3613 -69.0448 -61.1322 -74.1725 -61.8962 -60.431 -59.2299 -67.5887 -64.5216 -64.294 -60.785 -68.0129 -61.0848 -66.5659 -57.9958 -64.6525 -71.2529 -47.7731 -62.7119 -57.1873 -56.8709 -54.9236 -61.5036 -58.2342 -57.7521 -63.7162 -56.6925 -69.5485 -58.0029 -62.5051 -64.1256 -59.8189 -63.2183 -62.1861 -63.3466 -64.9145 -62.8929 -59.8816 -63.0373 -60.1919 -64.703 -62.9686 -63.9507 -62.9167 -62.951 -61.5167 -63.2128 -60.9088 -64.1918 -61.06 -61.5042 -63.267 -63.1271 -63.7985 -62.5179 -61.1533 -58.7101 -62.016 -60.3301 -65.8736 
0 0 141.161 45.3442 39.154 51.0294 41.2086 43.45 40.687 49.7629 48.2332 35.3706 45.3741 42.1531 43.2591 36.2961 48.3852 34.2278 42.3413 45.5874 34.5775 43.6872 44.6583 37.7545 43.7673 34.0441 41.9189 42.2065 30.2743 50.0712 42.3966 44.1987 39.8658 42.9602 44.0739 41.1139 43.4503 42.7409 43.5385 44.6161 43.2267 41.157 43.3259 41.3703 44.4708 43.2788 43.9538 43.2431 43.2666 42.2809 43.4466 41.863 44.1194 41.967 42.2722 43.4838 43.3877 43.8491 42.969 42.031 40.3519 42.624 41.4653 45.2753 
0 0 0 -125.026 -19.692 -18.5638 -31.5521 -15.0937 -20.8093 -20.6715 -19.9167 -13.3685 -28.4789 -29.0587 -18.4943 -21.2351 -18.2278 -14.3781 -18.1516 -14.049 -19.7067 -21.07 -35.3684 -30.4483 -16.9263 -17.0092 -17.971 -19.952 -24.4473 -24.8629 -20.6858 -20.896 -21.4798 -23.147 -23.7471 -22.1523 -23.4111 -23.0289 -23.4587 -24.0393 -23.2907 -22.1755 -23.3441 -22.2904 -23.961 -23.3187 -23.6824 -23.2995 -23.3122 -22.781 -23.4091 -22.5559 -23.7717 -22.6119 -22.7764 -23.4292 -23.3774 -23.626 -23.1518 -22.6464 -21.7417 -22.9659 -22.3416 -24.3945 
0 0 0 0 130.696 29.5272 23.4137 26.4395 29.1703 25.4285 28.909 22.9716 38.5878 22.8703 23.4364 19.1587 19.2406 21.5052 29.0628 24.2003 27.6645 33.3042 22.8209 30.023 16.7497 32.5152 23.3448 30.2909 33.5771 24.5916 37.7563 26.5194 23.3581 25.1712 25.8237 24.0894 25.4583 25.0427 25.51 26.1414 25.3273 24.1146 25.3855 24.2396 26.0563 25.3578 25.7533 25.3369 25.3507 24.7731 25.4561 24.5283 25.8504 24.5892 24.7681 25.478 25.4216 25.692 25.1763 24.6267 23.6429 24.9742 24.2953 26.5276 
0 0 0 0 0 126.198 21.5886 30.5669 25.1689 24.206 21.2942 24.5433 32.7293 18.8773 27.4287 35.298 22.9816 28.1641 26.2682 26.9989 22.9964 21.7156 13.7537 21.9684 13.5771 26.1859 16.0609 27.019 26.1549 23.2522 27.1432 20.3837 21.237 22.8854 23.4787 21.9019 23.1465 22.7686 23.1935 23.7675 23.0274 21.9248 23.0802 22.0384 23.6901 23.0551 23.4147 23.0361 23.0486 22.5235 23.1445 22.3009 23.5029 22.3563 22.5189 23.1643 23.1131 23.359 22.8901 22.3904 21.4959 22.7063 22.089 24.1187 
0 0 0 0 0 0 123.563 12.0034 23.1402 16.0129 16.0563 16.8275 16.9625 5.81551 20.7124 28.6672 11.2262 19.1734 19.9221 14.9031 11.1585 7.83509 23.9008 3.4216 12.9929 13.3377 14.2645 15.5324 9.23622 16.4538 8.51578 13.649 13.1054 14.1227 14.4888 13.5157 14.2838 14.0506 14.3128 14.667 14.2103 13.5299 14.2429 13.6 14.6193 14.2274 14.4493 14.2157 14.2234 13.8993 14.2826 13.762 14.5038 13.7962 13.8965 14.2948 14.2632 14.4149 14.1256 13.8172 13.2652 14.0122 13.6312 14.8837 
0 0 0 0 0 0 0 -123.122 -16.7628 -17.179 -8.69151 -8.44783 -14.6849 -7.59216 -15.1477 -12.0856 -17.2452 -9.90085 -17.8975 -13.3826 -13.0107 -18.9619 -11.5956 -18.4025 -17.2931 -17.0587 -11.8529 -20.2384 -16.3822 -17.4662 -17.6017 -11.2368 -14.5252 -15.6526 -16.0584 -14.9799 -15.8312 -15.5728 -15.8634 -16.256 -15.7498 -14.9956 -15.7859 -15.0734 -16.203 -15.7687 -16.0146 -15.7557 -15.7643 -15.4051 -15.8298 -15.2529 -16.075 -15.2908 -15.402 -15.8434 -15.8084 -15.9765 -15.6558 -15.3141 -14.7023 -15.5302 -15.108 -16.4962 
0 0 0 0 0 0 0 0 124.758 12.2335 15.1582 7.3776 14.1017 12.3914 19.7275 5.26971 14.3552 17.5057 17.1088 8.93299 8.03755 10.4703 13.4523 12.0072 13.8559 7.32438 7.70253 15.6077 9.29169 7.48677 6.10568 15.4368 12.0765 13.0138 13.3512 12.4546 13.1623 12.9474 13.189 13.5155 13.0946 12.4676 13.1246 12.5322 13.4715 13.1103 13.3148 13.0995 13.1067 12.8081 13.1612 12.6815 13.365 12.713 12.8054 13.1725 13.1433 13.2831 13.0165 12.7324 12.2237 12.912 12.561 13.7152 
0 0 0 0 0 0 0 0 0 -119.804 -17.7626 -2.16307 -10.9348 -7.53583 -21.7887 -12.7145 -15.037 -16.798 -14.4724 -10.1264 -1.96279 -8.08102 -9.30836 -9.08978 -17.9455 -14.5406 -14.4154 -17.0889 -8.21996 -7.85673 -16.2016 -12.6284 -11.2456 -12.1185 -12.4326 -11.5976 -12.2567 -12.0566 -12.2816 -12.5856 -12.1936 -11.6098 -12.2216 -11.67 -12.5446 -12.2083 -12.3987 -12.1983 -12.2049 -11.9268 -12.2556 -11.809 -12.4455 -11.8383 -11.9244 -12.2662 -12.239 -12.3692 -12.1209 -11.8564 -11.3827 -12.0236 -11.6968 -12.7715 
0 0 0 0 0 0 0 0 0 0 119.478 1.67361 16.4102 13.6871 8.70236 14.437 13.8706 3.43761 11.0245 12.163 10.182 13.4441 7.35856 9.71337 10.6534 7.20234 10.9547 9.9342 9.23868 14.4523 -1.83702 3.34079 9.35078 10.0766 10.3378 9.64354 10.1916 10.0252 10.2122 10.465 10.1391 9.65365 10.1624 9.70368 10.4309 10.1513 10.3096 10.143 10.1485 9.91726 10.1907 9.81925 10.3485 9.84363 9.91523 10.1994 10.1769 10.2851 10.0787 9.85866 9.46479 9.99774 9.72596 10.6196 
0 0 0 0 0 0 0 0 0 0 0 -121.259 -8.49496 -6.11739 -9.37938 -11.6514 -7.75497 -13.1104 -21.5541 -18.3481 -11.8463 -5.26967 -12.1718 -13.5096 -25.8611 -11.0929 -8.48915 -4.65914 -9.57616 -21.7077 -4.00449 -22.6697 -9.84145 -10.6054 -10.8803 -10.1496 -10.7264 -10.5512 -10.7481 -11.0142 -10.6712 -10.1602 -10.6957 -10.2129 -10.9783 -10.684 -10.8506 -10.6752 -10.681 -10.4377 -10.7254 -10.3345 -10.8915 -10.3602 -10.4355 -10.7346 -10.7109 -10.8248 -10.6075 -10.376 -9.96145 -10.5224 -10.2363 -11.1769 
0 0 0 0 0 0 0 0 0 0 0 0 118.965 0.644541 1.35574 9.96276 12.2002 8.1591 9.16999 1.37337 11.6094 2.6964 3.42306 10.8936 -1.96503 -0.00979731 8.11542 9.72645 9.06031 8.81163 4.95915 5.8704 6.15733 6.63527 6.80729 6.35011 6.71098 6.60141 6.7246 6.89104 6.67644 6.35677 6.69176 6.38971 6.86859 6.68448 6.78873 6.67897 6.68261 6.53035 6.71039 6.46581 6.81432 6.48187 6.52902 6.71614 6.7013 6.77257 6.63663 6.49176 6.23241 6.58335 6.40438 6.99285 
0 0 0 0 0 0 0 0 0 0 0 0 0 -120.834 -9.94418 -10.9195 -5.8272 -14.9593 1.48268 -5.57928 1.26359 -18.162 -16.5519 -7.99342 -2.83462 -6.14553 -1.17846 -0.521885 -2.93534 -4.16475 -14.4074 -12.7796 -6.30868 -6.79836 -6.9746 -6.50619 -6.87592 -6.76366 -6.88988 -7.06041 -6.84054 -6.51301 -6.85624 -6.54676 -7.03741 -6.84877 -6.95559 -6.84313 -6.84686 -6.69086 -6.87533 -6.62474 -6.98181 -6.64118 -6.68949 -6.88122 -6.86601 -6.93904 -6.79975 -6.65132 -6.3856 -6.74516 -6.56179 -7.16473 
0 0 0 0 0 0 0 0 0 0 0 0 0 0 -118.497 -11.7512 -10.9981 -4.21502 0.352392 -8.30629 -10.5173 -8.46564 -13.7658 -13.8405 -2.66887 -5.77811 -11.1648 -7.89044 -6.07593 -8.98858 -5.50152 -13.3586 -8.32405 -8.97017 -9.20272 -8.58467 -9.07252 -8.92439 -9.09093 -9.31594 -9.02583 -8.59367 -9.04655 -8.6382 -9.28559 -9.03669 -9.17763 -9.02924 -9.03416 -8.82833 -9.07173 -8.74109 -9.21223 -8.76279 -8.82653 -9.07951 -9.05944 -9.15579 -8.97201 -8.77616 -8.42555 -8.89998 -8.65804 -9.45358 
0 0 0 0 0 0 0 0 0 0 0 0 0 0 0 110.655 5.35112 0.330165 7.65723 10.5876 1.32768 6.96293 7.72544 3.09418 1.0995 4.06923 8.2348 6.5362 2.62542 5.21307 16.061 6.88627 5.26271 5.6712 5.81823 5.42747 5.73591 5.64226 5.74755 5.8898 5.70639 5.43316 5.71949 5.46132 5.87062 5.71326 5.80236 5.70855 5.71166 5.58152 5.73541 5.52637 5.82423 5.54009 5.58039 5.74032 5.72764 5.78855 5.67236 5.54854 5.32687 5.62682 5.47386 5.97683 
0 0 0 0 0 0 0 0 0 0 0 0 0 0 0 0 111.799 5.79015 10.3961 15.9495 1.69283 4.87439 14.5887 3.27934 5.43264 5.74595 6.68785 2.25398 10.2888 -0.285588 4.84854 2.77477 5.69178 6.13358 6.29259 5.86998 6.20356 6.10227 6.21615 6.37 6.17163 5.87613 6.1858 5.90658 6.34925 6.17906 6.27543 6.17397 6.17733 6.03659 6.20302 5.97693 6.29908 5.99177 6.03536 6.20833 6.19461 6.2605 6.13483 6.00092 5.76118 6.08558 5.92014 6.46412 
0 0 0 0 0 0 0 0 0 0 0 0 0 0 0 0 0 117.085 2.47078 13.7394 8.37386 -1.32904 13.4201 12.0731 2.11968 13.3435 -1.14605 0.555123 11.5324 3.91364 -1.70473 9.2904 7.04884 7.59598 7.7929 7.26953 7.68265 7.55721 7.69824 7.88878 7.64311 7.27715 7.66065 7.31487 7.86308 7.65231 7.77166 7.646 7.65017 7.47587 7.68198 7.40199 7.80095 7.42036 7.47434 7.68856 7.67157 7.75316 7.59753 7.43169 7.13479 7.53654 7.33166 8.00533 
0 0 0 0 0 0 0 0 0 0 0 0 0 0 0 0 0 0 112.524 8.595 18.9098 11.95 8.63529 4.09437 -3.30427 0.926628 6.17091 1.98115 11.191 20.2698 -4.21172 2.10561 5.98474 6.44928 6.61648 6.17212 6.52287 6.41637 6.53611 6.69788 6.4893 6.17859 6.50419 6.21061 6.67606 6.49711 6.59844 6.49175 6.49529 6.3473 6.5223 6.28458 6.62331 6.30018 6.34601 6.52789 6.51346 6.58274 6.4506 6.3098 6.05772 6.39882 6.22487 6.79684 
0 0 0 0 0 0 0 0 0 0 0 0 0 0 0 0 0 0 0 -115.581 0.782579 -7.61813 -3.48036 -9.33613 2.64872 -4.56014 -7.64203 -9.02397 -10.0139 -1.63536 -0.443578 -3.09069 -7.02504 -7.57033 -7.76659 -7.24498 -7.6567 -7.53169 -7.67224 -7.86213 -7.6173 -7.25258 -7.63478 -7.29016 -7.83653 -7.62647 -7.74541 -7.62018 -7.62433 -7.45062 -7.65603 -7.37699 -7.77461 -7.3953 -7.4491 -7.6626 -7.64566 -7.72698 -7.57188 -7.40659 -7.11069 -7.51109 -7.3069 -7.97829 
0 0 0 0 0 0 0 0 0 0 0 0 0 0 0 0 0 0 0 0 -112.891 -6.10536 -14.7135 -6.0144 6.69572 -2.95194 -1.8165 -9.04434 3.96983 7.14206 -1.44289 -6.81133 -2.47846 -2.67084 -2.74008 -2.55606 -2.70132 -2.65721 -2.7068 -2.77379 -2.68741 -2.55874 -2.69358 -2.572 -2.76476 -2.69065 -2.73261 -2.68843 -2.6899 -2.62861 -2.70108 -2.60263 -2.74291 -2.60909 -2.62807 -2.7034 -2.69742 -2.72611 -2.67139 -2.61308 -2.50868 -2.64994 -2.57791 -2.81478 
0 0 0 0 0 0 0 0 0 0 0 0 0 0 0 0 0 0 0 0 0 110.648 0.952598 8.0175 -2.886 -1.02047 -4.98905 10.2245 6.51462 8.57297 2.26049 5.70855 3.28946 3.54479 3.63669 3.39245 3.58523 3.5267 3.59251 3.68143 3.56678 3.396 3.57497 3.4136 3.66944 3.57108 3.62677 3.56813 3.57008 3.48874 3.58492 3.45426 3.64044 3.46283 3.48802 3.58799 3.58006 3.61814 3.54551 3.46812 3.32957 3.51705 3.42144 3.73582 
0 0 0 0 0 0 0 0 0 0 0 0 0 0 0 0 0 0 0 0 0 0 -112.697 4.28597 -6.39899 -14.4821 4.35646 -1.25502 2.53682 0.0995382 0.516109 1.02291 -4.97766 -5.36403 -5.50309 -5.1335 -5.42523 -5.33665 -5.43624 -5.57079 -5.39731 -5.13888 -5.4097 -5.16552 -5.55265 -5.40381 -5.48809 -5.39935 -5.40229 -5.27921 -5.42476 -5.22704 -5.50877 -5.24002 -5.27813 -5.42941 -5.41741 -5.47503 -5.36513 -5.24802 -5.03835 -5.32205 -5.17738 -5.6531 
0 0 0 0 0 0 0 0 0 0 0 0 0 0 0 0 0 0 0 0 0 0 0 -118.352 -9.49464 -4.02854 -7.58378 -6.76772 -12.3848 -5.55214 -3.76506 -3.18863 -5.93519 -6.39588 -6.56169 -6.12101 -6.46885 -6.36324 -6.48198 -6.64242 -6.43556 -6.12742 -6.45033 -6.15918 -6.62078 -6.44331 -6.5438 -6.438 -6.44151 -6.29474 -6.46829 -6.23254 -6.56847 -6.24801 -6.29346 -6.47384 -6.45953 -6.52823 -6.39719 -6.25755 -6.00755 -6.34583 -6.17332 -6.74056 
0 0 0 0 0 0 0 0 0 0 0 0 0 0 0 0 0 0 0 0 0 0 0 0 106.25 9.80034 -6.87488 -2.00003 -4.74317 -0.0834752 -4.98088 3.29108 2.8666 3.08911 3.1692 2.95635 3.12436 3.07335 3.1307 3.20819 3.10828 2.95945 3.11541 2.97479 3.19774 3.11202 3.16056 3.10946 3.11115 3.04027 3.12409 3.01022 3.17247 3.01769 3.03964 3.12676 3.11985 3.15303 3.08974 3.0223 2.90156 3.06494 2.98162 3.25559 
0 0 0 0 0 0 0 0 0 0 0 0 0 0 0 0 0 0 0 0 0 0 0 0 0 117.501 1.29025 7.39955 11.8369 0.355896 13.967 5.58944 5.26498 5.67365 5.82074 5.42982 5.73839 5.6447 5.75003 5.89235 5.70885 5.43551 5.72196 5.46368 5.87316 5.71573 5.80487 5.71101 5.71413 5.58394 5.73789 5.52875 5.82675 5.54248 5.5828 5.74281 5.73011 5.79106 5.67481 5.55094 5.32918 5.62925 5.47622 5.97941 
0 0 0 0 0 0 0 0 0 0 0 0 0 0 0 0 0 0 0 0 0 0 0 0 0 0 115.336 7.95791 6.78431 4.39316 6.58898 9.05374 4.91835 5.30012 5.43752 5.07234 5.36059 5.27307 5.37147 5.50442 5.333 5.07765 5.34524 5.10397 5.48649 5.33942 5.4227 5.33502 5.33793 5.21631 5.36012 5.16476 5.44314 5.17758 5.21524 5.36472 5.35286 5.40979 5.3012 5.18548 4.97832 5.25864 5.11569 5.58574 
0 0 0 0 0 0 0 0 0 0 0 0 0 0 0 0 0 0 0 0 0 0 0 0 0 0 0 -116.61 1.93059 -0.648539 -3.34092 -4.31995 -3.77187 -4.06465 -4.17002 -3.88996 -4.11102 -4.0439 -4.11937 -4.22132 -4.08987 -3.89404 -4.09925 -3.91422 -4.20757 -4.09479 -4.15865 -4.09141 -4.09364 -4.00037 -4.11066 -3.96084 -4.17433 -3.97067 -3.99956 -4.11419 -4.10509 -4.14876 -4.06548 -3.97674 -3.81786 -4.03284 -3.92321 -4.28369 
0 0 0 0 0 0 0 0 0 0 0 0 0 0 0 0 0 0 0 0 0 0 0 0 0 0 0 0 115.702 6.42879 18.2301 -0.756177 4.7812 5.15232 5.2859 4.9309 5.21111 5.12603 5.22169 5.35093 5.18429 4.93606 5.19619 4.96165 5.3335 5.19053 5.27149 5.18625 5.18908 5.07085 5.21066 5.02074 5.29136 5.0332 5.06982 5.21512 5.2036 5.25894 5.15338 5.04089 4.8395 5.11201 4.97304 5.42999 
0 0 0 0 0 0 0 0 0 0 0 0 0 0 0 0 0 0 0 0 0 0 0 0 0 0 0 0 0 122.583 11.5847 1.7511 4.9042 5.28487 5.42188 5.05774 5.34516 5.2579 5.35601 5.48858 5.31766 5.06304 5.32986 5.08928 5.4707 5.32406 5.40709 5.31967 5.32257 5.2013 5.3447 5.1499 5.42747 5.16268 5.20024 5.34928 5.33746 5.39422 5.28595 5.17056 4.964 5.24351 5.10097 5.56967 
0 0 0 0 0 0 0 0 0 0 0 0 0 0 0 0 0 0 0 0 0 0 0 0 0 0 0 0 0 0 -111.99 -3.47252 -3.18082 -3.42772 -3.51658 -3.28041 -3.46683 -3.41023 -3.47386 -3.55984 -3.44899 -3.28385 -3.4569 -3.30087 -3.54825 -3.45314 -3.50699 -3.45029 -3.45217 -3.37352 -3.46653 -3.34018 -3.52021 -3.34847 -3.37283 -3.4695 -3.46183 -3.49865 -3.42842 -3.35358 -3.21961 -3.4009 -3.30844 -3.61244 
0 0 0 0 0 0 0 0 0 0 0 0 0 0 0 0 0 0 0 0 0 0 0 0 0 0 0 0 0 0 0 -114.559 -2.95691 -3.18642 -3.26903 -3.04948 -3.22278 -3.17016 -3.22932 -3.30925 -3.2062 -3.05268 -3.21355 -3.0685 -3.29847 -3.21005 -3.26012 -3.20741 -3.20916 -3.13604 -3.2225 -3.10505 -3.27241 -3.11276 -3.1354 -3.22526 -3.21813 -3.25236 -3.18708 -3.11751 -2.99296 -3.16149 -3.07555 -3.35814 
0 0 0 0 0 0 0 0 0 0 0 0 0 0 0 0 0 0 0 0 0 0 0 0 0 0 0 0 0 0 0 0 113.059 3.84534 -1.55599 -9.13543 15.2353 -1.45118 14.1834 9.30172 3.22979 1.16969 10.7672 0.140087 -1.20141 -8.68981 2.43639 3.33403 17.208 4.06168 8.44318 4.59889 -3.58833 -6.05678 5.34766 10.8863 -11.437 8.16597 1.19922 5.9649 8.59785 5.61277 -2.7178 1.67137 
0 0 0 0 0 0 0 0 0 0 0 0 0 0 0 0 0 0 0 0 0 0 0 0 0 0 0 0 0 0 0 0 0 116.708 2.5272 16.025 -3.17257 8.81918 4.8331 9.13499 -6.2234 -0.542934 5.19293 0.95727 -8.01338 3.78936 -8.72781 -5.94009 3.83946 4.68459 -5.17261 0.776825 7.56088 5.34149 7.34731 4.40442 4.05016 -2.33327 -7.87507 -1.0649 7.68341 14.577 -0.128201 8.11628 
0 0 0 0 0 0 0 0 0 0 0 0 0 0 0 0 0 0 0 0 0 0 0 0 0 0 0 0 0 0 0 0 0 0 116.987 2.22789 7.53085 2.43718 0.394425 18.4536 7.66183 8.10717 1.41711 6.62308 1.63451 4.23239 8.1431 4.99896 -3.04699 16.3762 6.7285 4.71625 6.25209 4.35315 4.15676 3.40932 -2.98846 7.26123 -2.42768 0.623543 -2.37224 0.88841 -1.36833 5.56791 
0 0 0 0 0 0 0 0 0 0 0 0 0 0 0 0 0 0 0 0 0 0 0 0 0 0 0 0 0 0 0 0 0 0 0 117.135 3.28409 -0.0364474 2.67808 1.98336 8.77502 2.72742 7.29076 5.87107 -3.37543 1.405 10.3366 2.64335 4.20013 8.78749 1.99218 -8.2654 1.41731 0.674437 5.93662 -2.10935 4.03868 4.91018 -0.226012 5.39425 7.12811 6.76109 14.7947 -0.581656 
0 0 0 0 0 0 0 0 0 0 0 0 0 0 0 0 0 0 0 0 0 0 0 0 0 0 0 0 0 0 0 0 0 0 0 0 116.724 -0.341416 -5.69275 -0.867178 3.89787 9.75686 7.6281 4.16142 12.7815 -5.32266 6.93225 10.5722 6.02965 6.68297 -1.43487 1.60199 9.05554 5.19273 -1.89781 -1.71573 -4.42355 7.1672 3.1407 1.99812 2.97125 1.44083 9.65396 -3.43201 
0 0 0 0 0 0 0 0 0 0 0 0 0 0 0 0 0 0 0 0 0 0 0 0 0 0 0 0 0 0 0 0 0 0 0 0 0 111.138 7.19687 -5.72125 6.35329 3.30974 -1.05983 -2.64673 4.05884 2.7324 -7.1842 4.23395 3.99182 3.97301 1.285 4.9041 9.95365 6.57201 11.3059 8.36807 -7.70087 0.965142 5.72542 6.996 5.17984 13.8119 1.78758 0.0621178 
0 0 0 0 0 0 0 0 0 0 0 0 0 0 0 0 0 0 0 0 0 0 0 0 0 0 0 0 0 0 0 0 0 0 0 0 0 0 -113.016 -0.496712 -11.3954 2.33186 -5.68843 -11.7783 -3.96247 -10.184 -6.7622 -4.21102 -7.22728 -5.49423 -4.29232 3.74629 -9.06358 -7.74129 -6.88457 -2.47843 -8.82257 -11.0293 -11.8745 -1.03128 -1.06634 -2.06642 -9.06373 6.49187 
0 0 0 0 0 0 0 0 0 0 0 0 0 0 0 0 0 0 0 0 0 0 0 0 0 0 0 0 0 0 0 0 0 0 0 0 0 0 0 -110.067 5.22368 2.69469 -1.00901 1.31563 3.49836 -4.63908 -3.39971 -0.0410703 -5.35729 -2.47914 -1.92618 4.70658 -4.62816 -0.160282 -1.42151 -5.72782 -0.0905239 -2.89074 8.83506 -3.80401 -0.5661 -8.01559 -4.93953 2.33033 
0 0 0 0 0 0 0 0 0 0 0 0 0 0 0 0 0 0 0 0 0 0 0 0 0 0 0 0 0 0 0 0 0 0 0 0 0 0 0 0 117.594 -6.68896 -2.93813 0.644059 0.853702 -4.6981 2.79092 4.87098 -6.07535 -2.38874 0.589713 2.34849 3.09797 -4.26395 -1.39633 -0.57596 5.00569 5.83802 7.07286 -4.69326 11.5584 -0.383638 -2.44758 6.26987 
0 0 0 0 0 0 0 0 0 0 0 0 0 0 0 0 0 0 0 0 0 0 0 0 0 0 0 0 0 0 0 0 0 0 0 0 0 0 0 0 0 -112.958 0.363916 -2.85239 -6.83262 -6.8085 -1.17881 1.92839 -14.1794 8.98782 -5.66567 3.87761 -6.14238 -6.46849 -5.1276 4.1302 -4.51302 3.6341 -5.7355 -2.47742 -3.16608 6.76644 -4.92393 -6.64975 
0 0 0 0 0 0 0 0 0 0 0 0 0 0 0 0 0 0 0 0 0 0 0 0 0 0 0 0 0 0 0 0 0 0 0 0 0 0 0 0 0 0 115.89 -1.81212 1.83171 6.23796 7.24836 -5.40002 4.74562 7.76593 1.62408 4.67061 5.52972 -0.898216 -0.347477 -8.90781 -1.23576 10.9928 -2.44531 12.6186 -5.95794 3.69144 2.1164 -9.7299 
0 0 0 0 0 0 0 0 0 0 0 0 0 0 0 0 0 0 0 0 0 0 0 0 0 0 0 0 0 0 0 0 0 0 0 0 0 0 0 0 0 0 0 119.54 0.758521 0.785479 -0.26913 12.2008 -11.2813 -4.40307 8.13945 10.0508 6.48368 4.07023 3.22668 -6.60918 0.220668 7.27554 9.09026 2.19676 -2.70328 -6.3614 9.02382 -1.46714 
0 0 0 0 0 0 0 0 0 0 0 0 0 0 0 0 0 0 0 0 0 0 0 0 0 0 0 0 0 0 0 0 0 0 0 0 0 0 0 0 0 0 0 0 -113.813 -4.83426 3.39978 -1.78983 -0.974129 -9.39864 4.35986 -1.12173 -6.55643 -3.26297 0.407425 -6.44053 -9.72863 2.12842 -3.25208 -9.881 -6.49258 -0.443146 -5.56679 -4.04149 
0 0 0 0 0 0 0 0 0 0 0 0 0 0 0 0 0 0 0 0 0 0 0 0 0 0 0 0 0 0 0 0 0 0 0 0 0 0 0 0 0 0 0 0 0 -118.926 6.8715 -4.02544 -2.26606 -7.85443 3.60934 -10.5571 -12.0984 -1.44008 -13.1101 0.0130508 -9.06728 -2.76777 -8.09236 -10.9873 8.21503 -4.70272 4.47076 -1.48468 
0 0 0 0 0 0 0 0 0 0 0 0 0 0 0 0 0 0 0 0 0 0 0 0 0 0 0 0 0 0 0 0 0 0 0 0 0 0 0 0 0 0 0 0 0 0 109.32 -4.13293 14.2278 -1.40154 12.6819 2.88997 -6.30595 11.5389 10.8586 1.07733 -4.28911 1.75166 6.3048 1.06103 -8.81071 -7.69981 5.83658 9.90734 
0 0 0 0 0 0 0 0 0 0 0 0 0 0 0 0 0 0 0 0 0 0 0 0 0 0 0 0 0 0 0 0 0 0 0 0 0 0 0 0 0 0 0 0 0 0 0 -112.987 -0.590158 -8.00974 -11.989 -3.4116 7.89234 -1.73415 6.69945 -5.73892 -6.89438 1.68308 2.1973 1.06762 3.78893 -6.83874 -7.6672 -5.62336 
0 0 0 0 0 0 0 0 0 0 0 0 0 0 0 0 0 0 0 0 0 0 0 0 0 0 0 0 0 0 0 0 0 0 0 0 0 0 0 0 0 0 0 0 0 0 0 0 115.595 5.24026 5.92131 2.37932 -5.26905 5.15252 1.67597 6.71768 -7.94941 5.80545 9.23249 10.5846 -1.59989 5.9508 8.73621 8.07833 
0 0 0 0 0 0 0 0 0 0 0 0 0 0 0 0 0 0 0 0 0 0 0 0 0 0 0 0 0 0 0 0 0 0 0 0 0 0 0 0 0 0 0 0 0 0 0 0 0 -111.745 9.66684 -8.45176 -15.2277 -15.8067 1.41453 -14.0759 -7.34451 1.73071 -4.09904 2.13602 -2.7414 -4.1261 -9.04105 0.947395 
0 0 0 0 0 0 0 0 0 0 0 0 0 0 0 0 0 0 0 0 0 0 0 0 0 0 0 0 0 0 0 0 0 0 0 0 0 0 0 0 0 0 0 0 0 0 0 0 0 0 -113.731 7.46082 5.16775 8.345 -1.19988 -7.74679 9.81782 1.90544 -3.56141 -7.20008 -3.39026 0.537963 -0.699989 -7.15055 
0 0 0 0 0 0 0 0 0 0 0 0 0 0 0 0 0 0 0 0 0 0 0 0 0 0 0 0 0 0 0 0 0 0 0 0 0 0 0 0 0 0 0 0 0 0 0 0 0 0 0 115.848 1.12331 2.16405 8.62933 4.22191 2.40939 2.14409 -2.2252 2.92334 3.82279 6.91489 12.1407 -0.957738 
0 0 0 0 0 0 0 0 0 0 0 0 0 0 0 0 0 0 0 0 0 0 0 0 0 0 0 0 0 0 0 0 0 0 0 0 0 0 0 0 0 0 0 0 0 0 0 0 0 0 0 0 -110.533 -12.5287 4.52553 6.53804 -1.25184 -6.44841 3.91035 -10.759 -7.87412 2.18298 1.18609 0.198419 
0 0 0 0 0 0 0 0 0 0 0 0 0 0 0 0 0 0 0 0 0 0 0 0 0 0 0 0 0 0 0 0 0 0 0 0 0 0 0 0 0 0 0 0 0 0 0 0 0 0 0 0 0 -113.5 -6.04304 -1.65908 -6.49084 5.1738 -11.6541 -4.12706 -1.05726 7.43258 4.67367 -9.15988 
0 0 0 0 0 0 0 0 0 0 0 0 0 0 0 0 0 0 0 0 0 0 0 0 0 0 0 0 0 0 0 0 0 0 0 0 0 0 0 0 0 0 0 0 0 0 0 0 0 0 0 0 0 0 -110.017 1.23359 0.987525 -9.55635 -0.254806 0.335882 1.05287 -0.578431 -2.16835 3.92456 
0 0 0 0 0 0 0 0 0 0 0 0 0 0 0 0 0 0 0 0 0 0 0 0 0 0 0 0 0 0 0 0 0 0 0 0 0 0 0 0 0 0 0 0 0 0 0 0 0 0 0 0 0 0 0 -112.372 -0.399242 -3.3696 -9.95554 -2.99648 1.6323 0.0342152 -4.91513 -14.2628 
0 0 0 0 0 0 0 0 0 0 0 0 0 0 0 0 0 0 0 0 0 0 0 0 0 0 0 0 0 0 0 0 0 0 0 0 0 0 0 0 0 0 0 0 0 0 0 0 0 0 0 0 0 0 0 0 114.139 -0.872489 -2.85386 -3.2617 9.61095 13.3614 -3.98308 10.503 
0 0 0 0 0 0 0 0 0 0 0 0 0 0 0 0 0 0 0 0 0 0 0 0 0 0 0 0 0 0 0 0 0 0 0 0 0 0 0 0 0 0 0 0 0 0 0 0 0 0 0 0 0 0 0 0 0 105.658 2.21051 2.28132 -0.806369 -0.329472 5.65828 -2.56565 
0 0 0 0 0 0 0 0 0 0 0 0 0 0 0 0 0 0 0 0 0 0 0 0 0 0 0 0 0 0 0 0 0 0 0 0 0 0 0 0 0 0 0 0 0 0 0 0 0 0 0 0 0 0 0 0 0 0 115.134 6.91721 1.24176 1.62557 0.95987 -8.04717 
0 0 0 0 0 0 0 0 0 0 0 0 0 0 0 0 0 0 0 0 0 0 0 0 0 0 0 0 0 0 0 0 0 0 0 0 0 0 0 0 0 0 0 0 0 0 0 0 0 0 0 0 0 0 0 0 0 0 0 -113.959 2.24454 0.0125356 -0.858624 2.95827 
0 0 0 0 0 0 0 0 0 0 0 0 0 0 0 0 0 0 0 0 0 0 0 0 0 0 0 0 0 0 0 0 0 0 0 0 0 0 0 0 0 0 0 0 0 0 0 0 0 0 0 0 0 0 0 0 0 0 0 0 111.903 0.655174 1.31477 2.99773 
0 0 0 0 0 0 0 0 0 0 0 0 0 0 0 0 0 0 0 0 0 0 0 0 0 0 0 0 0 0 0 0 0 0 0 0 0 0 0 0 0 0 0 0 0 0 0 0 0 0 0 0 0 0 0 0 0 0 0 0 0 114.359 -3.64888 -4.49078 
0 0 0 0 0 0 0 0 0 0 0 0 0 0 0 0 0 0 0 0 0 0 0 0 0 0 0 0 0 0 0 0 0 0 0 0 0 0 0 0 0 0 0 0 0 0 0 0 0 0 0 0 0 0 0 0 0 0 0 0 0 0 110.074 -0.0307777 
0 0 0 0 0 0 0 0 0 0 0 0 0 0 0 0 0 0 0 0 0 0 0 0 0 0 0 0 0 0 0 0 0 0 0 0 0 0 0 0 0 0 0 0 0 0 0 0 0 0 0 0 0 0 0 0 0 0 0 0 0 0 0 109.863 
