-165.969 -124.758 -123.763 -123.651 -127.676 -124.3 -123.428 -121.358 -124.321 -128.315 -121.606 -122.716 -133.133 -129.106 -129.729 -121.366 -113.879 -116.603 -122.23 -126.142 -130.65 -124.162 -122.766 -114.932 -131.018 -120.188 -127.367 -119.737 -128.332 -123.384 -130.586 -127.36 
0 -106.791 -40.0012 -45.3894 -39.8534 -48.822 -43.227 -52.4479 -43.7672 -42.7312 -41.8819 -47.7924 -45.6236 -45.4627 -42.9815 -48.0924 -40.5294 -41.4991 -43.5016 -44.894 -46.4982 -44.189 -43.6926 -40.9041 -46.6294 -42.7748 -45.33 -42.6145 -45.6732 -43.9124 -46.4756 -45.3273 
0 0 99.8162 32.0632 27.6861 36.0832 29.1389 30.7238 28.77 35.1877 34.106 25.0108 32.0843 29.8067 30.5888 25.6652 27.8561 28.5226 29.8989 30.856 31.9585 30.3714 30.0302 28.1137 32.0487 29.3994 31.1556 29.2892 31.3915 30.1813 31.943 31.1537 
0 0 0 -88.4069 -13.9244 -13.1266 -22.3107 -10.6728 -14.7144 -14.6169 -14.0832 -9.45296 -20.1376 -20.5476 -13.0774 -15.0155 -15.009 -15.368 -16.1096 -16.6253 -17.2193 -16.3642 -16.1803 -15.1477 -17.2679 -15.8405 -16.7867 -15.7811 -16.9138 -16.2618 -17.211 -16.7857 
0 0 0 0 92.4162 20.8789 16.556 18.6956 20.6265 17.9806 20.4417 16.2434 27.2857 16.1718 16.572 13.5473 16.3214 16.7119 17.5183 18.0791 18.7251 17.7952 17.5952 16.4723 18.7779 17.2256 18.2546 17.1611 18.3928 17.6838 18.716 18.2535 
0 0 0 0 0 89.2355 15.2654 21.6141 17.7971 17.1162 15.0573 17.3547 23.1431 13.3482 19.395 24.9595 14.8393 15.1943 15.9275 16.4373 17.0247 16.1792 15.9974 14.9765 17.0727 15.6614 16.597 15.6027 16.7226 16.0779 17.0164 16.596 
0 0 0 0 0 0 87.3722 8.48766 16.3626 11.3228 11.3535 11.8989 11.9943 4.11219 14.6459 20.2708 9.15738 9.37647 9.82892 10.1435 10.506 9.98425 9.87207 9.24204 10.5356 9.6647 10.242 9.62848 10.3196 9.92175 10.5009 10.2414 
0 0 0 0 0 0 0 -87.0604 -11.8531 -12.1474 -6.14582 -5.97352 -10.3838 -5.36847 -10.7111 -8.54584 -10.1494 -10.3923 -10.8937 -11.2424 -11.6442 -11.0659 -10.9416 -10.2433 -11.677 -10.7117 -11.3516 -10.6716 -11.4375 -10.9966 -11.6385 -11.3509 
0 0 0 0 0 0 0 0 88.2176 8.65036 10.7185 5.21675 9.97144 8.76206 13.9495 3.72625 8.4384 8.64029 9.05722 9.34713 9.68113 9.20035 9.09698 8.51642 9.70844 8.90589 9.43791 8.87252 9.50935 9.14276 9.67643 9.43734 
0 0 0 0 0 0 0 0 0 -84.714 -12.56 -1.52952 -7.73204 -5.32864 -15.4069 -8.99049 -7.85782 -8.04581 -8.43406 -8.70402 -9.01504 -8.56734 -8.47108 -7.93046 -9.04047 -8.29314 -8.78855 -8.26206 -8.85508 -8.51371 -9.01066 -8.78802 
0 0 0 0 0 0 0 0 0 0 84.4835 1.18342 11.6038 9.67824 6.1535 10.2085 6.53384 6.69016 7.01299 7.23747 7.49608 7.12382 7.04378 6.59425 7.51723 6.89582 7.30775 6.86997 7.36308 7.07922 7.49244 7.30732 
0 0 0 0 0 0 0 0 0 0 0 -85.7431 -6.00685 -4.32565 -6.63222 -8.23878 -6.8767 -7.04122 -7.38099 -7.61725 -7.88943 -7.49763 -7.41339 -6.94028 -7.91169 -7.25767 -7.69122 -7.23047 -7.74945 -7.4507 -7.8856 -7.69076 
0 0 0 0 0 0 0 0 0 0 0 0 84.1208 0.455759 0.958652 7.04473 4.30243 4.40536 4.61794 4.76575 4.93604 4.69092 4.63821 4.3422 4.94997 4.54078 4.81204 4.52376 4.84846 4.66155 4.93365 4.81175 
0 0 0 0 0 0 0 0 0 0 0 0 0 -85.4425 -7.0316 -7.72126 -4.40818 -4.51364 -4.73144 -4.88289 -5.05737 -4.80621 -4.75221 -4.44893 -5.07164 -4.65239 -4.93031 -4.63495 -4.96763 -4.77613 -5.05491 -4.93001 
0 0 0 0 0 0 0 0 0 0 0 0 0 0 -83.7903 -8.30938 -5.81642 -5.95557 -6.24295 -6.44279 -6.673 -6.34161 -6.27036 -5.87019 -6.69183 -6.13865 -6.50535 -6.11564 -6.5546 -6.30192 -6.66976 -6.50496 
0 0 0 0 0 0 0 0 0 0 0 0 0 0 0 78.2451 3.67731 3.76528 3.94698 4.07331 4.21886 4.00935 3.9643 3.7113 4.23077 3.88103 4.11287 3.86649 4.14401 3.98425 4.21682 4.11263 
0 0 0 0 0 0 0 0 0 0 0 0 0 0 0 0 -83.3712 -4.37906 -4.76817 -1.01856 -1.60146 0.475963 -4.68699 2.3531 -18.6486 -5.24759 -1.17679 -6.90136 -12.1255 -0.584111 -5.22953 -1.48219 
0 0 0 0 0 0 0 0 0 0 0 0 0 0 0 0 0 78.6896 5.04498 5.59313 7.52969 1.63774 2.28717 -12.7497 8.68527 7.40304 -1.76691 1.6897 2.7836 12.9428 -7.51278 13.2791 
0 0 0 0 0 0 0 0 0 0 0 0 0 0 0 0 0 0 83.8369 8.62728 4.16761 3.12953 4.25292 2.9608 -5.20065 8.58434 -2.21252 0.83952 5.13973 10.8132 5.7932 -4.49793 
0 0 0 0 0 0 0 0 0 0 0 0 0 0 0 0 0 0 0 82.9968 -7.9796 4.00499 3.06947 23.3695 10.1613 4.20871 8.72802 19.9032 9.13471 4.99159 0.267201 12.8174 
0 0 0 0 0 0 0 0 0 0 0 0 0 0 0 0 0 0 0 0 84.0367 1.41825 5.15706 6.92474 12.3716 -6.51889 2.77595 0.715828 -2.82235 5.79714 16.7212 3.90573 
0 0 0 0 0 0 0 0 0 0 0 0 0 0 0 0 0 0 0 0 0 -83.093 3.155 -2.12752 -3.15064 -2.30073 -11.6488 -6.11027 -6.47353 -7.76376 -7.56939 -14.2822 
0 0 0 0 0 0 0 0 0 0 0 0 0 0 0 0 0 0 0 0 0 0 86.1919 0.945115 4.84988 9.06111 6.19641 -4.52591 5.39667 1.13971 -0.0457044 4.75877 
0 0 0 0 0 0 0 0 0 0 0 0 0 0 0 0 0 0 0 0 0 0 0 78.3504 6.94549 0.198984 4.93565 -5.5079 -1.82179 1.11387 5.79665 6.32708 
0 0 0 0 0 0 0 0 0 0 0 0 0 0 0 0 0 0 0 0 0 0 0 0 80.4487 10.2672 -1.17074 3.01355 -0.745775 6.5077 0.96521 10.9807 
0 0 0 0 0 0 0 0 0 0 0 0 0 0 0 0 0 0 0 0 0 0 0 0 0 -81.5254 0.143626 -0.473806 -4.99772 6.79896 3.02393 0.438413 
0 0 0 0 0 0 0 0 0 0 0 0 0 0 0 0 0 0 0 0 0 0 0 0 0 0 77.3383 6.40857 -1.12856 -4.87859 1.36102 13.3655 
0 0 0 0 0 0 0 0 0 0 0 0 0 0 0 0 0 0 0 0 0 0 0 0 0 0 0 -77.3395 -2.94711 -13.0363 -7.27314 10.2252 
0 0 0 0 0 0 0 0 0 0 0 0 0 0 0 0 0 0 0 0 0 0 0 0 0 0 0 0 -79.2848 -12.7336 -6.85154 -6.5008 
0 0 0 0 0 0 0 0 0 0 0 0 0 0 0 0 0 0 0 0 0 0 0 0 0 0 0 0 0 -77.5395 -8.14048 3.06511 
0 0 0 0 0 0 0 0 0 0 0 0 0 0 0 0 0 0 0 0 0 0 0 0 0 0 0 0 0 0 77.3729 -0.847594 
0 0 0 0 0 0 0 0 0 0 0 0 0 0 0 0 0 0 0 0 0 0 0 0 0 0 0 0 0 0 0 -73.3747 
