2267.69 
158.253 
155.012 
154.614 
153.503 
153.123 
152.311 
150.578 
149.889 
149.588 
148.66 
147.427 
146.768 
146.626 
145.139 
144.055 
143.707 
143.086 
142.196 
142.01 
141.831 
140.832 
139.492 
138.806 
138.071 
138.008 
137.329 
135.404 
134.952 
133.828 
133.302 
132.817 
132.721 
132.05 
130.873 
129.674 
128.952 
128.65 
127.825 
127.713 
127.105 
125.839 
125.393 
125.025 
124.516 
123.609 
122.612 
122.237 
121.773 
120.493 
120.278 
119.992 
119.483 
119.286 
118.038 
117.498 
116.537 
115.517 
115.188 
114.32 
114.205 
114.057 
112.857 
112.248 
111.717 
111.311 
111.065 
109.836 
109.726 
109.091 
108.653 
108.042 
106.922 
106.506 
105.94 
105.366 
104.99 
104.537 
103.488 
103.168 
102.966 
102.294 
101.448 
100.874 
100.597 
100.186 
99.4937 
98.9091 
98.1223 
98.0844 
97.0381 
96.0937 
95.7179 
95.5538 
94.1184 
93.7784 
93.4458 
92.828 
92.5141 
92.2852 
91.4755 
91.0384 
90.8697 
90.2738 
88.8068 
88.0504 
86.8758 
86.367 
85.9839 
85.8174 
84.3127 
83.7337 
83.2588 
82.8351 
81.5783 
81.3727 
80.5871 
80.5428 
79.3715 
78.4033 
77.4612 
76.535 
75.5957 
75.3131 
74.8409 
73.7275 
69.9563 
69.6903 
