-331.939 -249.516 -247.526 -247.302 -255.353 -248.6 -246.856 -242.715 -248.642 -256.631 -243.213 -245.431 -266.265 -258.213 -259.458 -242.732 -239.427 -246.255 -249.155 -254.831 -243.93 -244.834 -253.66 -252.062 -247.294 -246.607 -248.852 -247.897 -252.178 -245.712 -239.86 -250.743 
0 -213.582 -80.0024 -90.7789 -79.7069 -97.6441 -86.4539 -104.896 -87.5344 -85.4624 -83.7638 -95.5849 -91.2473 -90.9255 -85.963 -96.1848 -85.212 -87.642 -88.6743 -90.6943 -86.8147 -87.1362 -90.2775 -89.7089 -88.012 -87.7672 -88.5664 -88.2265 -89.75 -87.4487 -85.3663 -89.2395 
0 0 199.632 64.1264 55.3721 72.1664 58.2778 61.4476 57.5401 70.3754 68.212 50.0216 64.1686 59.6135 61.1776 51.3304 58.5668 60.2369 60.9464 62.3348 59.6683 59.8893 62.0483 61.6575 60.4912 60.323 60.8723 60.6387 61.6857 60.1041 58.6728 61.3349 
0 0 0 -176.814 -27.8487 -26.2531 -44.6214 -21.3457 -29.4287 -29.2339 -28.1664 -18.9059 -40.2752 -41.0953 -26.1549 -30.031 -31.5559 -32.4558 -32.8381 -33.5861 -32.1494 -32.2685 -33.4318 -33.2212 -32.5928 -32.5022 -32.7981 -32.6723 -33.2364 -32.3842 -31.613 -33.0474 
0 0 0 0 184.832 41.7578 33.112 37.3912 41.253 35.9613 40.8835 32.4868 54.5714 32.3436 33.1441 27.0946 34.3154 35.2939 35.7096 36.5231 34.9608 35.0902 36.3552 36.1262 35.4429 35.3443 35.6662 35.5293 36.1428 35.2161 34.3775 35.9372 
0 0 0 0 0 178.471 30.5308 43.2282 35.5943 34.2324 30.1146 34.7094 46.2862 26.6965 38.79 49.9189 31.1992 32.0889 32.4669 33.2065 31.786 31.9037 33.0539 32.8457 32.2244 32.1348 32.4274 32.3029 32.8607 32.0181 31.2557 32.6738 
0 0 0 0 0 0 174.744 16.9753 32.7252 22.6456 22.7071 23.7977 23.9885 8.22437 29.2918 40.5416 19.2532 19.8022 20.0354 20.4918 19.6153 19.6879 20.3977 20.2692 19.8858 19.8305 20.0111 19.9343 20.2785 19.7585 19.288 20.1631 
0 0 0 0 0 0 0 -174.121 -23.7062 -24.2948 -12.2916 -11.947 -20.7676 -10.7369 -21.4221 -17.0917 -21.3389 -21.9474 -22.206 -22.7118 -21.7403 -21.8208 -22.6074 -22.465 -22.0401 -21.9788 -22.1789 -22.0938 -22.4753 -21.8991 -21.3776 -22.3475 
0 0 0 0 0 0 0 0 176.435 17.3007 21.4369 10.4335 19.9429 17.5241 27.8989 7.45249 17.7415 18.2474 18.4624 18.8829 18.0752 18.1421 18.7962 18.6778 18.3245 18.2735 18.4399 18.3692 18.6863 18.2072 17.7736 18.5801 
0 0 0 0 0 0 0 0 0 -169.428 -25.1201 -3.05905 -15.4641 -10.6573 -30.8139 -17.981 -16.5209 -16.992 -17.1921 -17.5837 -16.8316 -16.8939 -17.5029 -17.3927 -17.0637 -17.0162 -17.1712 -17.1053 -17.4007 -16.9545 -16.5508 -17.3017 
0 0 0 0 0 0 0 0 0 0 168.967 2.36684 23.2075 19.3565 12.307 20.4169 13.7372 14.129 14.2954 14.621 13.9956 14.0474 14.5538 14.4622 14.1886 14.1492 14.278 14.2232 14.4688 14.0978 13.7621 14.3865 
0 0 0 0 0 0 0 0 0 0 0 -171.486 -12.0137 -8.6513 -13.2644 -16.4776 -14.4581 -14.8704 -15.0455 -15.3883 -14.73 -14.7846 -15.3175 -15.2211 -14.9332 -14.8916 -15.0272 -14.9696 -15.228 -14.8376 -14.4842 -15.1414 
0 0 0 0 0 0 0 0 0 0 0 0 168.242 0.911518 1.9173 14.0895 9.04574 9.30369 9.41328 9.62771 9.21587 9.25 9.58346 9.5231 9.34297 9.31699 9.40182 9.36574 9.52747 9.28317 9.06211 9.47327 
0 0 0 0 0 0 0 0 0 0 0 0 0 -170.885 -14.0632 -15.4425 -9.26807 -9.53236 -9.64464 -9.86434 -9.44239 -9.47736 -9.81902 -9.75717 -9.57261 -9.54599 -9.63291 -9.59594 -9.76164 -9.51135 -9.28485 -9.70612 
0 0 0 0 0 0 0 0 0 0 0 0 0 0 -167.581 -16.6188 -12.2289 -12.5776 -12.7257 -13.0156 -12.4589 -12.505 -12.9558 -12.8742 -12.6307 -12.5956 -12.7103 -12.6615 -12.8801 -12.5499 -12.251 -12.8068 
0 0 0 0 0 0 0 0 0 0 0 0 0 0 0 156.49 7.73144 7.95191 8.04558 8.22885 7.87685 7.90602 8.19104 8.13944 7.98549 7.96328 8.03579 8.00495 8.14318 7.93438 7.74543 8.09686 
0 0 0 0 0 0 0 0 0 0 0 0 0 0 0 0 -165.381 -14.5924 -21.6812 -21.9154 -6.54337 -12.7729 -6.72348 -2.68791 -20.1453 -11.2729 -5.95322 -12.4554 3.89913 -5.16467 -21.7796 -9.93217 
0 0 0 0 0 0 0 0 0 0 0 0 0 0 0 0 0 -168.879 -9.46946 -5.47671 -12.0424 -9.63602 -7.88065 -11.8643 -7.98814 -3.18955 -10.9813 -5.27594 -6.50461 -6.43143 -6.92181 -3.13539 
0 0 0 0 0 0 0 0 0 0 0 0 0 0 0 0 0 0 -163.45 3.62235 -9.9575 -8.14129 -15.6948 -13.0599 -11.2919 -7.45102 -15.331 -8.65051 -1.87105 -11.4478 -14.8391 -11.2861 
0 0 0 0 0 0 0 0 0 0 0 0 0 0 0 0 0 0 0 -161.804 -11.6902 -8.54764 -10.3041 -9.81691 -13.5177 -5.12843 -11.417 -15.0945 -14.4374 -15.9225 -11.0367 -10.4534 
0 0 0 0 0 0 0 0 0 0 0 0 0 0 0 0 0 0 0 0 166.456 4.42675 9.14356 5.98472 -5.71317 3.11828 11.1329 0.157988 5.3206 11.6522 6.16531 6.91416 
0 0 0 0 0 0 0 0 0 0 0 0 0 0 0 0 0 0 0 0 0 169.616 5.72187 18.4882 5.53731 11.933 11.0474 -1.26288 9.25162 2.91868 -6.18697 4.20171 
0 0 0 0 0 0 0 0 0 0 0 0 0 0 0 0 0 0 0 0 0 0 -167.953 -3.0457 -10.3763 -7.85767 -9.72341 -2.37509 -12.2286 -14.5514 -9.79228 -7.83238 
0 0 0 0 0 0 0 0 0 0 0 0 0 0 0 0 0 0 0 0 0 0 0 160.75 19.4861 16.1902 -1.54414 14.4864 0.122246 6.31738 1.88367 12.0612 
0 0 0 0 0 0 0 0 0 0 0 0 0 0 0 0 0 0 0 0 0 0 0 0 -165.444 -13.1228 -10.5295 -15.0128 1.88958 -9.31064 -5.12921 -7.6454 
0 0 0 0 0 0 0 0 0 0 0 0 0 0 0 0 0 0 0 0 0 0 0 0 0 -166.49 0.462882 -6.26556 1.74458 -7.95701 -8.30158 -2.40129 
0 0 0 0 0 0 0 0 0 0 0 0 0 0 0 0 0 0 0 0 0 0 0 0 0 0 164.663 3.17998 3.34704 3.55004 2.64176 9.09417 
0 0 0 0 0 0 0 0 0 0 0 0 0 0 0 0 0 0 0 0 0 0 0 0 0 0 0 162.284 5.62794 5.89881 2.80132 15.8787 
0 0 0 0 0 0 0 0 0 0 0 0 0 0 0 0 0 0 0 0 0 0 0 0 0 0 0 0 -161.869 -4.64618 -11.874 1.54342 
0 0 0 0 0 0 0 0 0 0 0 0 0 0 0 0 0 0 0 0 0 0 0 0 0 0 0 0 0 -167.315 -1.36097 -0.582126 
0 0 0 0 0 0 0 0 0 0 0 0 0 0 0 0 0 0 0 0 0 0 0 0 0 0 0 0 0 0 -164.73 -0.0132082 
0 0 0 0 0 0 0 0 0 0 0 0 0 0 0 0 0 0 0 0 0 0 0 0 0 0 0 0 0 0 0 162.714 
