1608.94 
146.341 
143.123 
139.843 
139.336 
137.998 
137.409 
134.997 
133.829 
133.371 
131.836 
131.416 
129.517 
129.241 
128.016 
127.199 
126.724 
125.118 
124.869 
123.785 
123.083 
122.833 
122.068 
121.118 
119.392 
118.257 
117.903 
117.425 
116.528 
116.001 
115.278 
114.292 
112.792 
111.365 
110.823 
110.566 
109.454 
108.946 
108.459 
108.335 
107.177 
107.106 
106.307 
104.926 
104.015 
103.604 
102.348 
101.85 
100.943 
99.6113 
98.5144 
97.4744 
97.1935 
96.7271 
96.0891 
95.4252 
95.1772 
93.1092 
92.2755 
91.6143 
89.7916 
88.4823 
88.1277 
88.0416 
