-331.939 -249.516 -247.526 -247.302 -255.353 -248.6 -246.856 -242.715 -239.427 -246.255 -249.155 -254.831 -243.93 -244.834 -253.66 -252.062 
0 -213.582 -80.0024 -90.7789 -79.7069 -97.6441 -86.4539 -104.896 -85.212 -87.642 -88.6743 -90.6943 -86.8147 -87.1362 -90.2775 -89.7089 
0 0 -199.632 -64.1264 -55.3721 -72.1664 -58.2778 -61.4476 -58.5668 -60.2369 -60.9464 -62.3348 -59.6683 -59.8893 -62.0483 -61.6575 
0 0 0 -176.814 -27.8487 -26.2531 -44.6214 -21.3457 -31.5559 -32.4558 -32.8381 -33.5861 -32.1494 -32.2685 -33.4318 -33.2212 
0 0 0 0 -184.832 -41.7578 -33.112 -37.3912 -34.3154 -35.2939 -35.7096 -36.5231 -34.9608 -35.0902 -36.3552 -36.1262 
0 0 0 0 0 178.471 30.5308 43.2282 31.1992 32.0889 32.4669 33.2065 31.786 31.9037 33.0539 32.8457 
0 0 0 0 0 0 174.744 16.9753 19.2532 19.8022 20.0354 20.4918 19.6153 19.6879 20.3977 20.2692 
0 0 0 0 0 0 0 -174.121 -21.3389 -21.9474 -22.206 -22.7118 -21.7403 -21.8208 -22.6074 -22.465 
0 0 0 0 0 0 0 0 169.45 22.5119 29.5279 29.9471 14.5781 20.6884 15.0806 11.0883 
0 0 0 0 0 0 0 0 0 172.243 15.7285 11.9717 18.7452 16.1456 14.9448 18.9763 
0 0 0 0 0 0 0 0 0 0 166.228 2.23452 15.6573 13.7396 21.7021 19.0826 
0 0 0 0 0 0 0 0 0 0 0 -164.931 -17.2573 -14.1004 -16.1172 -15.7022 
0 0 0 0 0 0 0 0 0 0 0 0 -168.637 -8.74196 -13.5815 -10.5298 
0 0 0 0 0 0 0 0 0 0 0 0 0 -171.629 -9.71451 -22.4707 
0 0 0 0 0 0 0 0 0 0 0 0 0 0 -169.862 -6.65289 
0 0 0 0 0 0 0 0 0 0 0 0 0 0 0 -162.477 
