-117.358 -88.2172 -87.5137 -87.4346 -90.2808 -87.8935 -87.2767 -85.8127 -87.9084 -90.7326 -85.9886 -86.7731 -94.1389 -91.292 -91.7321 -85.8188 -77.3094 -83.7395 -77.1206 -87.7813 -82.7075 -90.1516 -92.3677 -86.0245 -92.3635 -92.403 -85.9763 -89.6146 -95.1344 -78.4836 -90.3735 -72.1643 
0 -75.5126 -28.2851 -32.0952 -28.1806 -34.5224 -30.5661 -37.0862 -30.9481 -30.2155 -29.615 -33.7943 -32.2608 -32.147 -30.3925 -34.0065 -27.5144 -29.8029 -27.4472 -31.2413 -29.4356 -32.0849 -32.8736 -30.6161 -32.8722 -32.8862 -30.599 -31.8938 -33.8583 -27.9323 -32.1639 -25.6833 
0 0 70.5807 22.6721 19.577 25.5147 20.6043 21.725 20.3435 24.8814 24.1166 17.6853 22.687 21.0765 21.6295 18.148 18.9108 20.4837 18.8646 21.4724 20.2313 22.0522 22.5943 21.0426 22.5933 22.6029 21.0309 21.9208 23.271 19.1981 22.1065 17.6523 
0 0 0 -62.5131 -9.84601 -9.28188 -15.7761 -7.54684 -10.4046 -10.3357 -9.95834 -6.68425 -14.2394 -14.5294 -9.24714 -10.6176 -10.1892 -11.0367 -10.1643 -11.5694 -10.9007 -11.8818 -12.1738 -11.3378 -12.1733 -12.1785 -11.3315 -11.811 -12.5385 -10.344 -11.911 -9.51108 
0 0 0 0 65.3481 14.7636 11.7069 13.2198 14.5851 12.7142 14.4545 11.4858 19.2939 11.4352 11.7182 9.57937 11.0802 12.0018 11.0531 12.5811 11.8539 12.9208 13.2384 12.3293 13.2378 13.2435 12.3224 12.8438 13.6349 11.2485 12.9526 10.3428 
0 0 0 0 0 63.099 10.7943 15.2835 12.5845 12.103 10.6471 12.2716 16.3646 9.43863 13.7143 17.649 10.074 10.9119 10.0494 11.4386 10.7774 11.7475 12.0362 11.2097 12.0357 12.0408 11.2034 11.6775 12.3968 10.227 11.7764 9.40357 
0 0 0 0 0 0 61.7814 6.00168 11.5701 8.00644 8.02816 8.41376 8.48123 2.90775 10.3562 14.3336 6.21671 6.73378 6.20153 7.0588 6.6508 7.2494 7.4276 6.91753 7.42727 7.43044 6.91365 7.20622 7.65008 6.31114 7.26725 5.80298 
0 0 0 0 0 0 0 -61.561 -8.38142 -8.5895 -4.34575 -4.22392 -7.34244 -3.79608 -7.57387 -6.04282 -6.8902 -7.46328 -6.87337 -7.82351 -7.37131 -8.03476 -8.23227 -7.66693 -8.2319 -8.23542 -7.66264 -7.9869 -8.47885 -6.99485 -8.05454 -6.43164 
0 0 0 0 0 0 0 0 62.3792 6.11673 7.57909 3.6888 7.05087 6.19571 9.86376 2.63485 5.72862 6.20509 5.71463 6.50459 6.12862 6.68022 6.84444 6.37441 6.84413 6.84705 6.37084 6.64043 7.04945 5.81563 6.69667 5.34737 
0 0 0 0 0 0 0 0 0 -59.9019 -8.8813 -1.08154 -5.46738 -3.76792 -10.8944 -6.35724 -5.33447 -5.77816 -5.32144 -6.05705 -5.70695 -6.2206 -6.37352 -5.93583 -6.37323 -6.37595 -5.9325 -6.18355 -6.56442 -5.4155 -6.23592 -4.97945 
0 0 0 0 0 0 0 0 0 0 59.7388 0.836806 8.20509 6.84355 4.35118 7.21848 4.43566 4.80459 4.42483 5.03649 4.74538 5.17249 5.29963 4.93569 5.2994 5.30166 4.93293 5.14167 5.45837 4.50303 5.18522 4.14046 
0 0 0 0 0 0 0 0 0 0 0 -60.6295 -4.24748 -3.0587 -4.68969 -5.8257 -4.66841 -5.05671 -4.65701 -5.30077 -4.99439 -5.44391 -5.57773 -5.19469 -5.57748 -5.57986 -5.19178 -5.41148 -5.7448 -4.73932 -5.45731 -4.35772 
0 0 0 0 0 0 0 0 0 0 0 0 59.4824 0.32227 0.677869 4.98138 2.92081 3.16374 2.91367 3.31644 3.12475 3.406 3.48972 3.25007 3.48957 3.49106 3.24825 3.38571 3.59425 2.96517 3.41438 2.72642 
0 0 0 0 0 0 0 0 0 0 0 0 0 -60.417 -4.97209 -5.45976 -2.9926 -3.2415 -2.98529 -3.39796 -3.20156 -3.48971 -3.5755 -3.32995 -3.57533 -3.57686 -3.32809 -3.46892 -3.68259 -3.03805 -3.4983 -2.79343 
0 0 0 0 0 0 0 0 0 0 0 0 0 0 -59.2487 -5.87562 -3.94862 -4.27704 -3.93897 -4.48348 -4.22433 -4.60454 -4.71773 -4.39375 -4.71752 -4.71953 -4.39129 -4.57711 -4.85904 -4.00859 -4.61588 -3.68583 
0 0 0 0 0 0 0 0 0 0 0 0 0 0 0 55.3276 2.49643 2.70407 2.49033 2.83458 2.67074 2.91112 2.98268 2.77785 2.98255 2.98382 2.7763 2.89378 3.07202 2.53435 2.91829 2.33029 
0 0 0 0 0 0 0 0 0 0 0 0 0 0 0 0 -55.9933 -3.16961 4.70534 -2.47484 -3.80994 -1.4232 0.622295 -4.74038 -2.88936 -7.46849 -2.23067 10.1672 -5.49848 -7.00022 0.403976 -2.55223 
0 0 0 0 0 0 0 0 0 0 0 0 0 0 0 0 0 -61.4736 6.15026 -9.38377 -0.340045 -2.4248 -1.64344 -2.12829 0.584594 0.847584 2.67366 2.39657 -8.93536 -2.1016 3.73098 1.73635 
0 0 0 0 0 0 0 0 0 0 0 0 0 0 0 0 0 0 -53.9544 -0.185633 -7.5174 -4.37812 -6.82342 -4.22065 -5.9071 -6.33754 -0.492602 -0.671003 -14.061 4.98681 3.17475 -2.61213 
0 0 0 0 0 0 0 0 0 0 0 0 0 0 0 0 0 0 0 -55.437 -5.00045 0.822057 -0.264775 -1.70256 -5.29825 -5.02971 -8.49221 -2.11005 6.27426 7.21318 -8.17426 13.2301 
0 0 0 0 0 0 0 0 0 0 0 0 0 0 0 0 0 0 0 0 59.9842 -5.13234 8.70436 -1.7311 0.595243 11.0064 2.57717 3.63482 -0.968311 4.33542 3.78247 -0.904042 
0 0 0 0 0 0 0 0 0 0 0 0 0 0 0 0 0 0 0 0 0 -57.3848 -5.13958 -3.06296 0.0701389 -5.2579 -4.23869 -1.40145 7.0121 -7.88716 -6.17997 0.140418 
0 0 0 0 0 0 0 0 0 0 0 0 0 0 0 0 0 0 0 0 0 0 -57.4476 -3.58754 5.25802 -13.2557 -3.1126 3.8931 3.69466 4.44492 -19.5963 -7.59546 
0 0 0 0 0 0 0 0 0 0 0 0 0 0 0 0 0 0 0 0 0 0 0 58.689 6.64057 -7.45711 -2.07313 3.79668 2.82207 6.60391 4.87398 10.6864 
0 0 0 0 0 0 0 0 0 0 0 0 0 0 0 0 0 0 0 0 0 0 0 0 58.6319 1.26003 4.08582 8.97003 10.7332 9.48862 2.27092 9.87456 
0 0 0 0 0 0 0 0 0 0 0 0 0 0 0 0 0 0 0 0 0 0 0 0 0 -55.8333 1.80626 1.33524 -7.59516 4.50808 -2.83652 -4.03571 
0 0 0 0 0 0 0 0 0 0 0 0 0 0 0 0 0 0 0 0 0 0 0 0 0 0 57.6626 11.0549 -1.1652 9.64325 -6.25137 -3.70929 
0 0 0 0 0 0 0 0 0 0 0 0 0 0 0 0 0 0 0 0 0 0 0 0 0 0 0 55.6373 4.34275 -3.89161 -2.59589 9.03876 
0 0 0 0 0 0 0 0 0 0 0 0 0 0 0 0 0 0 0 0 0 0 0 0 0 0 0 0 58.9109 -4.02088 1.85361 -1.58785 
0 0 0 0 0 0 0 0 0 0 0 0 0 0 0 0 0 0 0 0 0 0 0 0 0 0 0 0 0 52.4509 -6.90452 -1.76796 
0 0 0 0 0 0 0 0 0 0 0 0 0 0 0 0 0 0 0 0 0 0 0 0 0 0 0 0 0 0 53.8075 2.86425 
0 0 0 0 0 0 0 0 0 0 0 0 0 0 0 0 0 0 0 0 0 0 0 0 0 0 0 0 0 0 0 -50.5882 
