3211.09 
273.727 
270.335 
269.057 
268.459 
265.128 
263.388 
260.283 
259.864 
257.015 
256.155 
252.876 
252.485 
251.165 
249.855 
248.964 
248.354 
247.945 
247.008 
246.118 
243.197 
243.067 
240.924 
239.111 
238.4 
236.817 
236.051 
235.264 
233.364 
232.111 
231.689 
231.036 
229.341 
227.453 
227.015 
226.321 
224.834 
223.504 
221.771 
221.65 
219.418 
218.608 
217.145 
215.583 
214.804 
213.923 
212.717 
211.143 
210.094 
209.202 
208.183 
208.018 
205.257 
203.732 
201.229 
200.395 
199.281 
198.616 
196.595 
194.639 
193.897 
192.065 
190.397 
189.978 
