-330.196 -247.214 -253.859 -249.709 -249.58 -245.893 -260.803 -253.233 -229.462 -247.273 -253.683 -236.646 -250.094 -246.011 -250.601 -256.804 
0 212.212 81.8419 78.8164 88.4526 82.1514 94.8801 83.5692 82.1047 88.4778 90.7715 84.6753 89.4873 88.0262 89.6689 91.8882 
0 0 -197.62 -64.9882 -67.0617 -62.2748 -67.4217 -64.1783 -56.7708 -61.1774 -62.7634 -58.5483 -61.8754 -60.8652 -62.001 -63.5356 
0 0 0 -185.474 -48.8478 -35.5266 -36.9863 -41.1473 -37.8564 -40.7948 -41.8524 -39.0416 -41.2602 -40.5866 -41.344 -42.3673 
0 0 0 0 -182.951 -27.7377 -33.3605 -37.833 -32.6001 -35.1306 -36.0413 -33.6208 -35.5314 -34.9513 -35.6035 -36.4847 
0 0 0 0 0 177.468 28.7978 26.8383 25.0781 27.0247 27.7253 25.8633 27.333 26.8868 27.3885 28.0664 
0 0 0 0 0 0 177.709 18.8513 20.0988 21.6588 22.2203 20.728 21.906 21.5483 21.9504 22.4937 
0 0 0 0 0 0 0 -169.814 -19.222 -20.7141 -21.2511 -19.8238 -20.9504 -20.6083 -20.9929 -21.5125 
0 0 0 0 0 0 0 0 166.708 19.6106 12.6576 1.38526 35.2239 12.3531 33.8267 27.5664 
0 0 0 0 0 0 0 0 0 -171.675 -17.3745 -35.6367 -7.58065 -25.5013 -18.6088 -25.3321 
0 0 0 0 0 0 0 0 0 0 -172.19 -14.7107 -22.0939 -15.4447 -11.6724 -36.5943 
0 0 0 0 0 0 0 0 0 0 0 170.329 13.3978 9.5148 12.6308 10.3371 
0 0 0 0 0 0 0 0 0 0 0 0 -168.961 -8.05875 0.0761652 -5.44686 
0 0 0 0 0 0 0 0 0 0 0 0 0 161.981 18.9194 -0.426828 
0 0 0 0 0 0 0 0 0 0 0 0 0 0 -163.369 -7.25905 
0 0 0 0 0 0 0 0 0 0 0 0 0 0 0 -158.698 
