-165.098 -123.607 -126.929 -124.855 -124.79 -122.947 -130.401 -126.616 -108.848 -117.901 -108.582 -123.592 -116.448 -126.929 -130.049 -121.118 
0 -106.106 -40.921 -39.4082 -44.2263 -41.0757 -47.4401 -41.7846 -38.9474 -42.1868 -38.8523 -44.223 -41.6669 -45.4171 -46.5336 -43.338 
0 0 98.8101 32.4941 33.5309 31.1374 33.7108 32.0891 26.9299 29.1698 26.8642 30.5777 28.8103 31.4034 32.1754 29.9658 
0 0 0 92.7369 24.4239 17.7633 18.4931 20.5736 17.9576 19.4512 17.9138 20.3901 19.2115 20.9407 21.4554 19.982 
0 0 0 0 91.4754 13.8688 16.6802 18.9165 15.4643 16.7505 15.4265 17.559 16.5441 18.0331 18.4764 17.2076 
0 0 0 0 0 88.7338 14.3989 13.4192 11.8961 12.8856 11.8671 13.5075 12.7268 13.8722 14.2132 13.2372 
0 0 0 0 0 0 -88.8546 -9.42565 -9.53409 -10.3271 -9.51081 -10.8255 -10.1998 -11.1178 -11.3911 -10.6089 
0 0 0 0 0 0 0 -84.9072 -9.11821 -9.87661 -9.09594 -10.3533 -9.75489 -10.6329 -10.8943 -10.1461 
0 0 0 0 0 0 0 0 -81.232 -8.74499 2.45728 -7.99836 -9.57382 -6.67241 -3.96827 -11.0298 
0 0 0 0 0 0 0 0 0 -88.8065 4.61617 -16.9246 -4.08159 -7.46851 -6.62176 -6.65206 
0 0 0 0 0 0 0 0 0 0 79.0017 4.43991 14.7301 10.9085 14.599 10.2111 
0 0 0 0 0 0 0 0 0 0 0 -79.9241 -9.63394 -2.11817 -3.70561 -5.28222 
0 0 0 0 0 0 0 0 0 0 0 0 -85.7085 4.80379 -14.5786 0.385742 
0 0 0 0 0 0 0 0 0 0 0 0 0 -83.0273 -10.2399 -7.29083 
0 0 0 0 0 0 0 0 0 0 0 0 0 0 -82.2727 -7.0968 
0 0 0 0 0 0 0 0 0 0 0 0 0 0 0 -83.9002 
