-330.196 -247.214 -253.859 -249.709 -249.58 -245.893 -260.803 -253.233 -240.877 -249.237 -244.194 -234.077 -242.581 -247.411 -252.59 -254.298 -241.016 -247.586 -240.629 -239.505 -239.755 -245.012 -247.474 -246.318 -243.843 -243.546 -255.407 -250.958 -247.514 -243.522 -246.984 -243.709 -229.462 -247.273 -253.683 -236.646 -250.094 -246.011 -250.601 -256.804 -248.807 -236.894 -249.378 -238.121 -255.968 -249.106 -252.992 -248.901 -249.037 -243.363 -250.072 -240.958 -253.945 -241.556 -243.313 -250.287 -249.733 -252.389 -247.323 -241.925 -232.259 -245.338 -238.668 -260.598 
0 212.212 81.8419 78.8164 88.4526 82.1514 94.8801 83.5692 83.9009 81.7441 85.7824 94.8802 84.1076 85.9792 80.138 83.3194 94.2053 84.0024 73.189 81.437 82.3186 84.2305 74.8211 86.8194 90.4319 88.2052 97.6759 96.4269 95.1259 99.3475 94.0684 93.8867 82.1047 88.4778 90.7715 84.6753 89.4873 88.0262 89.6689 91.8882 89.0267 84.7641 89.2311 85.2034 91.5889 89.1339 90.5241 89.0604 89.1089 87.0787 89.4795 86.2182 90.8653 86.4322 87.0609 89.5562 89.3582 90.3086 88.4959 86.5642 83.1058 87.7854 85.399 93.2459 
0 0 -197.62 -64.9882 -67.0617 -62.2748 -67.4217 -64.1783 -58.2228 -66.6052 -66.6585 -60.0725 -57.8435 -63.4589 -67.4537 -66.1311 -66.5247 -72.2296 -63.2094 -66.5785 -61.8912 -66.5665 -61.3134 -58.9773 -67.9785 -74.7288 -53.2471 -57.2005 -60.0438 -68.4503 -57.5004 -58.824 -56.7708 -61.1774 -62.7634 -58.5483 -61.8754 -60.8652 -62.001 -63.5356 -61.557 -58.6096 -61.6983 -58.9134 -63.3286 -61.6311 -62.5923 -61.5803 -61.6139 -60.21 -61.87 -59.615 -62.8283 -59.763 -60.1978 -61.9231 -61.7862 -62.4434 -61.19 -59.8543 -57.463 -60.6987 -59.0486 -64.4743 
0 0 0 -185.474 -48.8478 -35.5266 -36.9863 -41.1473 -34.5436 -42.6923 -42.7858 -49.3819 -40.1231 -43.1684 -38.01 -31.8911 -43.8251 -37.6192 -42.7844 -37.7589 -33.1922 -44.4804 -50.5154 -40.6626 -43.6 -32.7072 -31.4761 -38.4958 -41.2901 -44.4926 -44.3911 -31.5745 -37.8564 -40.7948 -41.8524 -39.0416 -41.2602 -40.5866 -41.344 -42.3673 -41.0479 -39.0825 -41.1421 -39.2851 -42.2293 -41.0973 -41.7383 -41.0634 -41.0858 -40.1497 -41.2567 -39.7529 -41.8956 -39.8516 -40.1415 -41.292 -41.2007 -41.6389 -40.8031 -39.9125 -38.3179 -40.4756 -39.3752 -42.9932 
0 0 0 0 -182.951 -27.7377 -33.3605 -37.833 -39.1837 -36.4425 -30.8422 -31.4398 -36.499 -33.8104 -29.7805 -30.3259 -38.9196 -37.9781 -32.6751 -38.8741 -34.1511 -33.6326 -28.8074 -32.6901 -33.0302 -36.4285 -44.3332 -28.6828 -26.7224 -31.6418 -32.4595 -26.1097 -32.6001 -35.1306 -36.0413 -33.6208 -35.5314 -34.9513 -35.6035 -36.4847 -35.3486 -33.656 -35.4297 -33.8305 -36.3659 -35.3911 -35.9431 -35.3619 -35.3812 -34.5751 -35.5283 -34.2334 -36.0786 -34.3184 -34.568 -35.5588 -35.4802 -35.8575 -35.1378 -34.3708 -32.9976 -34.8557 -33.9081 -37.0238 
0 0 0 0 0 177.468 28.7978 26.8383 32.3279 33.3328 23.6922 25.8805 27.9609 22.7505 32.9783 27.2059 35.0062 31.9826 17.5844 32.9391 25.3115 27.0493 33.5322 31.0904 34.467 21.3695 27.8113 21.7222 21.3622 27.397 23.7494 28.9519 25.0781 27.0247 27.7253 25.8633 27.333 26.8868 27.3885 28.0664 27.1924 25.8904 27.2548 26.0246 27.975 27.2251 27.6497 27.2027 27.2175 26.5974 27.3307 26.3345 27.7539 26.3999 26.5919 27.3541 27.2936 27.5839 27.0302 26.4402 25.3839 26.8132 26.0843 28.4811 
0 0 0 0 0 0 177.709 18.8513 28.6334 22.0661 35.6544 19.3667 14.0624 17.2477 21.7883 24.0038 23.371 22.3835 33.1569 16.3891 28.3784 17.9948 21.1515 22.8136 27.8975 22.0708 20.3526 26.5352 27.9481 15.3321 23.1238 16.3582 20.0988 21.6588 22.2203 20.728 21.906 21.5483 21.9504 22.4937 21.7932 20.7498 21.8432 20.8573 22.4204 21.8195 22.1598 21.8015 21.8133 21.3164 21.904 21.1057 22.2433 21.1581 21.312 21.9228 21.8744 22.107 21.6633 21.1904 20.3438 21.4894 20.9052 22.826 
0 0 0 0 0 0 0 -169.814 -18.1813 -17.2585 -21.7708 -20.9199 -15.9121 -22.4673 -17.9918 -19.1321 -9.35144 -20.3657 -23.8603 -28.8743 -27.276 -19.3951 -15.7079 -27.0077 -24.577 -27.0781 -22.9311 -29.6282 -19.5772 -20.1441 -21.8178 -21.7595 -19.222 -20.7141 -21.2511 -19.8238 -20.9504 -20.6083 -20.9929 -21.5125 -20.8426 -19.8446 -20.8904 -19.9475 -21.4424 -20.8677 -21.1931 -20.8505 -20.8618 -20.3865 -20.9486 -20.185 -21.273 -20.2352 -20.3824 -20.9665 -20.9202 -21.1427 -20.7183 -20.2661 -19.4564 -20.552 -19.9933 -21.8304 
0 0 0 0 0 0 0 0 -167.421 -24.8597 -7.12345 -26.9893 -22.9024 -13.8118 -15.8734 -18.3696 -17.5814 -17.3249 -14.1466 -16.7201 -19.6384 -14.9685 -7.86548 -9.78943 -20.2699 -15.5792 -19.7446 -21.8698 -27.164 -18.0286 -20.9825 -10.0364 -16.9433 -18.2585 -18.7318 -17.4738 -18.4668 -18.1653 -18.5043 -18.9623 -18.3718 -17.4921 -18.4139 -17.5828 -18.9005 -18.3939 -18.6808 -18.3787 -18.3887 -17.9698 -18.4652 -17.7922 -18.7512 -17.8364 -17.9661 -18.481 -18.4402 -18.6363 -18.2622 -17.8636 -17.1499 -18.1156 -17.6231 -19.2424 
0 0 0 0 0 0 0 0 0 167.406 27.494 18.8769 11.0271 18.1154 18.0271 7.59899 16.358 12.8025 25.1401 20.0834 19.0969 13.6849 15.7208 9.36359 20.1982 13.8136 21.1243 13.183 25.7413 20.65 22.3782 13.1528 16.9519 18.2677 18.7413 17.4826 18.4761 18.1744 18.5136 18.9718 18.381 17.5009 18.4232 17.5916 18.91 18.4031 18.6902 18.388 18.398 17.9788 18.4745 17.8011 18.7606 17.8453 17.9751 18.4903 18.4495 18.6457 18.2714 17.8726 17.1586 18.1247 17.632 19.2521 
0 0 0 0 0 0 0 0 0 0 -166.122 -22.9258 -4.11311 -17.7936 -14.3705 -12.3462 -10.8382 -3.60662 -2.21449 -13.9478 -10.5459 -12.14 -18.5855 -9.73116 -7.91318 -17.5269 -15.9514 -14.9674 -9.27386 -12.1334 -7.4817 -10.6277 -12.1677 -13.1121 -13.4521 -12.5486 -13.2617 -13.0452 -13.2886 -13.6175 -13.1935 -12.5618 -13.2238 -12.6269 -13.5732 -13.2094 -13.4154 -13.1985 -13.2057 -12.9048 -13.2606 -12.7773 -13.4659 -12.809 -12.9021 -13.2719 -13.2426 -13.3834 -13.1148 -12.8285 -12.316 -13.0095 -12.6559 -13.8187 
0 0 0 0 0 0 0 0 0 0 0 -169.503 -13.0996 -6.71076 -7.66583 -8.23232 -15.1939 -23.7179 -9.89497 -17.3005 -12.6509 -15.5013 -12.0706 -10.6906 -9.31428 -17.6261 -13.4292 -22.2995 -15.3218 -17.0972 -18.9273 -10.3661 -13.5179 -14.5671 -14.9448 -13.9411 -14.7333 -14.4928 -14.7632 -15.1286 -14.6575 -13.9557 -14.6912 -14.028 -15.0794 -14.6752 -14.904 -14.6631 -14.6711 -14.3368 -14.7321 -14.1951 -14.9602 -14.2303 -14.3339 -14.7447 -14.7121 -14.8686 -14.5701 -14.2521 -13.6827 -14.4531 -14.0602 -15.3522 
0 0 0 0 0 0 0 0 0 0 0 0 166.624 8.95573 3.16295 7.46633 6.01844 17.6533 11.7988 4.98634 9.4505 16.4809 12.392 14.9212 7.78065 22.4549 11.3282 25.5583 11.2053 9.0649 13.2953 15.0396 12.7074 13.6938 14.0488 13.1053 13.85 13.6239 13.8781 14.2216 13.7787 13.119 13.8104 13.187 14.1753 13.7953 14.0105 13.784 13.7915 13.4772 13.8488 13.3441 14.0633 13.3772 13.4745 13.8607 13.8301 13.9771 13.6966 13.3976 12.8624 13.5866 13.2173 14.4317 
0 0 0 0 0 0 0 0 0 0 0 0 0 169.489 12.2547 14.7601 12.7627 18.5713 10.0291 22.249 13.3665 11.597 12.3567 24.1976 9.9246 14.0031 12.567 5.13825 10.5906 8.17296 15.7187 2.87364 11.7954 12.711 13.0405 12.1647 12.856 12.6461 12.8821 13.2009 12.7899 12.1775 12.8192 12.2406 13.1579 12.8052 13.005 12.7947 12.8017 12.51 12.8549 12.3864 13.054 12.4171 12.5074 12.8659 12.8375 12.974 12.7136 12.4361 11.9392 12.6115 12.2687 13.396 
0 0 0 0 0 0 0 0 0 0 0 0 0 0 176.454 21.0351 8.7367 10.4999 22.5347 23.2769 20.2709 18.7653 5.80725 18.7177 17.6742 19.3432 16.0527 21.7809 13.7253 16.4125 21.8569 16.353 13.3425 14.3781 14.7509 13.7602 14.5422 14.3048 14.5717 14.9324 14.4673 13.7746 14.5006 13.846 14.8837 14.4848 14.7107 14.4728 14.4807 14.1508 14.5409 14.0109 14.7661 14.0457 14.1479 14.5534 14.5212 14.6757 14.3811 14.0672 13.5052 14.2656 13.8778 15.153 
0 0 0 0 0 0 0 0 0 0 0 0 0 0 0 -167.706 -14.9304 -13.5393 -1.58696 -7.85923 -18.5776 -16.2103 -9.4207 -10.546 -7.26879 -16.8112 -5.11737 -11.9307 -15.561 -8.98804 -18.7135 -6.86143 -9.53031 -10.2701 -10.5363 -9.82869 -10.3872 -10.2176 -10.4083 -10.6659 -10.3338 -9.839 -10.3575 -9.88999 -10.6312 -10.3462 -10.5076 -10.3377 -10.3433 -10.1077 -10.3863 -10.0078 -10.5472 -10.0326 -10.1056 -10.3952 -10.3723 -10.4826 -10.2722 -10.0479 -9.64652 -10.1897 -9.91269 -10.8235 
0 0 0 0 0 0 0 0 0 0 0 0 0 0 0 0 -165.279 -4.71078 -6.18818 -11.5411 -9.99568 -1.02942 -8.9055 -12.1505 -14.8046 -30.7018 -7.01003 -3.35012 -5.90132 -9.51185 -13.8334 1.24043 -8.93164 -9.62492 -9.87445 -9.21128 -9.73474 -9.5758 -9.75449 -9.99593 -9.68464 -9.22093 -9.70687 -9.26872 -9.96337 -9.6963 -9.84753 -9.68831 -9.69358 -9.47272 -9.73389 -9.37911 -9.88464 -9.4024 -9.47079 -9.74223 -9.7207 -9.82409 -9.62689 -9.41675 -9.04055 -9.54961 -9.29 -10.1436 
0 0 0 0 0 0 0 0 0 0 0 0 0 0 0 0 0 -161.319 -16.4715 -7.76343 -7.07458 -7.7724 -8.43968 -3.49895 -6.10884 -9.76711 -5.31428 -6.40478 0.152114 -7.45072 -0.226865 -11.1345 -8.21821 -8.85612 -9.08571 -8.47551 -8.95716 -8.81092 -8.97534 -9.19749 -8.91107 -8.4844 -8.93152 -8.52837 -9.16753 -8.92179 -9.06094 -8.91444 -8.91929 -8.71608 -8.95638 -8.62994 -9.09509 -8.65137 -8.7143 -8.96406 -8.94424 -9.03937 -8.85793 -8.66458 -8.31842 -8.78682 -8.54795 -9.33338 
0 0 0 0 0 0 0 0 0 0 0 0 0 0 0 0 0 0 163.593 8.91208 13.0807 11.1392 -1.4728 15.8637 8.05634 6.8716 3.84941 11.9604 12.8089 1.96497 14.4683 7.99363 9.10229 9.80882 10.0631 9.38727 9.92073 9.75876 9.94086 10.1869 9.86968 9.39711 9.89233 9.44581 10.1537 9.88155 10.0357 9.87341 9.87879 9.65371 9.91987 9.55831 10.0735 9.58204 9.65174 9.92837 9.90642 10.0118 9.81082 9.59667 9.21327 9.73206 9.4675 10.3374 
0 0 0 0 0 0 0 0 0 0 0 0 0 0 0 0 0 0 0 -167.217 -2.578 -8.30736 -1.97718 -14.1689 -17.8599 -5.16222 -2.35827 -15.0087 -11.5708 -7.91246 -15.7824 -5.65501 -7.61473 -8.2058 -8.41853 -7.85314 -8.29942 -8.16392 -8.31626 -8.5221 -8.25671 -7.86137 -8.27566 -7.90211 -8.49434 -8.26665 -8.39558 -8.25983 -8.26433 -8.07604 -8.2987 -7.99623 -8.42722 -8.01608 -8.07439 -8.30581 -8.28745 -8.3756 -8.20748 -8.02832 -7.70758 -8.14158 -7.92026 -8.64801 
0 0 0 0 0 0 0 0 0 0 0 0 0 0 0 0 0 0 0 0 165.535 15.245 17.7215 5.42781 -1.43763 5.25986 7.93395 1.9463 20.0569 2.19741 10.4035 0.166191 5.12555 5.5234 5.66659 5.28603 5.58642 5.49521 5.59776 5.73631 5.55767 5.29157 5.57043 5.31899 5.71762 5.56436 5.65115 5.55978 5.5628 5.43606 5.58593 5.38234 5.67245 5.3957 5.43495 5.59072 5.57837 5.6377 5.52453 5.40394 5.18805 5.48018 5.3312 5.82106 
0 0 0 0 0 0 0 0 0 0 0 0 0 0 0 0 0 0 0 0 0 -167.824 -9.66817 -6.78639 -0.635003 6.34634 -0.230661 -0.545291 -5.73641 1.09976 -13.6312 -10.5274 -6.54721 -7.05541 -7.23832 -6.7522 -7.13591 -7.01941 -7.1504 -7.32737 -7.09919 -6.75928 -7.11548 -6.79431 -7.30351 -7.10773 -7.21859 -7.10188 -7.10575 -6.94385 -7.13529 -6.87523 -7.2458 -6.8923 -6.94243 -7.14141 -7.12562 -7.20141 -7.05686 -6.90282 -6.62705 -7.0002 -6.80991 -7.43563 
0 0 0 0 0 0 0 0 0 0 0 0 0 0 0 0 0 0 0 0 0 0 -161.38 -12.1427 -3.63076 0.898415 -16.5477 -7.27966 -7.23061 -3.93352 -9.15844 -14.499 -5.71142 -6.15474 -6.3143 -5.89024 -6.22497 -6.12333 -6.2376 -6.39199 -6.19293 -5.89641 -6.20715 -5.92697 -6.37117 -6.20039 -6.29709 -6.19528 -6.19865 -6.05742 -6.22442 -5.99756 -6.32082 -6.01245 -6.05618 -6.22976 -6.21599 -6.2821 -6.156 -6.02163 -5.78106 -6.10658 -5.94058 -6.48643 
0 0 0 0 0 0 0 0 0 0 0 0 0 0 0 0 0 0 0 0 0 0 0 166.646 10.3878 18.4603 8.6477 6.515 11.7722 2.36252 -0.247069 3.84112 6.75329 7.27748 7.46615 6.96472 7.36051 7.24034 7.37545 7.558 7.32264 6.97202 7.33944 7.00815 7.53338 7.33145 7.44579 7.32541 7.3294 7.1624 7.35987 7.09162 7.47386 7.10923 7.16094 7.36618 7.3499 7.42807 7.27897 7.12008 6.83563 7.22053 7.02424 7.66967 
0 0 0 0 0 0 0 0 0 0 0 0 0 0 0 0 0 0 0 0 0 0 0 0 -165.149 -8.98923 -7.49278 -8.14965 -7.58835 1.4043 -6.13776 -8.1108 -5.33327 -5.74724 -5.89624 -5.50025 -5.81281 -5.71791 -5.82461 -5.96878 -5.7829 -5.50601 -5.79617 -5.53455 -5.94933 -5.78986 -5.88016 -5.78509 -5.78824 -5.65636 -5.81231 -5.60046 -5.90233 -5.61437 -5.65521 -5.81729 -5.80443 -5.86617 -5.74842 -5.62294 -5.3983 -5.70227 -5.54725 -6.05696 
0 0 0 0 0 0 0 0 0 0 0 0 0 0 0 0 0 0 0 0 0 0 0 0 0 -162.441 -14.2345 -8.11615 -0.103496 -14.7914 0.499031 -14.6814 -4.02986 -4.34266 -4.45524 -4.15603 -4.3922 -4.32049 -4.40112 -4.51005 -4.3696 -4.16038 -4.37963 -4.18194 -4.49536 -4.37486 -4.44309 -4.37125 -4.37364 -4.27399 -4.39182 -4.23175 -4.45984 -4.24226 -4.27312 -4.39559 -4.38587 -4.43252 -4.34355 -4.24873 -4.07899 -4.30867 -4.19154 -4.57668 
0 0 0 0 0 0 0 0 0 0 0 0 0 0 0 0 0 0 0 0 0 0 0 0 0 0 164.89 12.6071 -15.324 14.3358 4.7157 6.83254 4.36312 4.70179 4.82368 4.49972 4.75543 4.67779 4.76508 4.88302 4.73096 4.50444 4.74182 4.52778 4.86712 4.73665 4.81053 4.73275 4.73533 4.62744 4.75502 4.58171 4.82866 4.59308 4.62649 4.75909 4.74857 4.79908 4.70275 4.60009 4.41632 4.66499 4.53818 4.95517 
0 0 0 0 0 0 0 0 0 0 0 0 0 0 0 0 0 0 0 0 0 0 0 0 0 0 0 -161.822 -10.1734 -5.27086 -9.26036 -7.7976 -4.3507 -4.68841 -4.80995 -4.48692 -4.7419 -4.66448 -4.75153 -4.86913 -4.7175 -4.49162 -4.72833 -4.5149 -4.85327 -4.72318 -4.79684 -4.71928 -4.72185 -4.61427 -4.74149 -4.56867 -4.81492 -4.58001 -4.61333 -4.74555 -4.73506 -4.78542 -4.68937 -4.58701 -4.40375 -4.65172 -4.52526 -4.94107 
0 0 0 0 0 0 0 0 0 0 0 0 0 0 0 0 0 0 0 0 0 0 0 0 0 0 0 0 156.936 4.39482 -7.69992 4.03458 4.67377 5.03656 5.16713 4.8201 5.09402 5.01085 5.10436 5.2307 5.06781 4.82516 5.07944 4.85016 5.21366 5.07391 5.15304 5.06972 5.07249 4.95691 5.09358 4.90793 5.17246 4.92011 4.9559 5.09794 5.08668 5.14078 5.03759 4.92762 4.73076 4.99714 4.8613 5.30798 
0 0 0 0 0 0 0 0 0 0 0 0 0 0 0 0 0 0 0 0 0 0 0 0 0 0 0 0 0 162.048 8.97699 7.71387 3.40203 3.6661 3.76114 3.50854 3.70793 3.64739 3.71545 3.80741 3.68885 3.51222 3.69731 3.53042 3.79501 3.69329 3.75089 3.69024 3.69225 3.60813 3.70761 3.57247 3.76503 3.58134 3.60739 3.71078 3.70258 3.74196 3.66685 3.58681 3.44351 3.63741 3.53853 3.86367 
0 0 0 0 0 0 0 0 0 0 0 0 0 0 0 0 0 0 0 0 0 0 0 0 0 0 0 0 0 0 -159.694 -0.357183 -6.13428 -6.61043 -6.7818 -6.32634 -6.68585 -6.57669 -6.69942 -6.86524 -6.65144 -6.33297 -6.66671 -6.36579 -6.84287 -6.65945 -6.76331 -6.65396 -6.65759 -6.5059 -6.68527 -6.44161 -6.78881 -6.4576 -6.50457 -6.691 -6.67621 -6.74722 -6.61178 -6.46746 -6.20908 -6.5587 -6.3804 -6.96667 
0 0 0 0 0 0 0 0 0 0 0 0 0 0 0 0 0 0 0 0 0 0 0 0 0 0 0 0 0 0 0 -164.015 -5.69084 -6.13257 -6.29155 -5.86901 -6.20254 -6.10127 -6.21513 -6.36895 -6.17062 -5.87516 -6.18478 -5.90561 -6.34821 -6.17804 -6.2744 -6.17295 -6.17632 -6.03559 -6.202 -5.97595 -6.29805 -5.99078 -6.03436 -6.20731 -6.19359 -6.25947 -6.13382 -5.99993 -5.76023 -6.08458 -5.91917 -6.46305 
0 0 0 0 0 0 0 0 0 0 0 0 0 0 0 0 0 0 0 0 0 0 0 0 0 0 0 0 0 0 0 0 160.298 6.30241 -1.29403 -12.0462 22.3793 -1.17343 20.8972 14.0331 5.43956 2.49124 16.074 1.04323 -0.785738 -11.3734 4.33523 5.58693 25.1583 6.59369 12.7981 7.34294 -4.15994 -7.68597 8.40753 16.2452 -15.2464 12.4153 2.56993 9.2733 12.9531 8.78869 -2.98621 3.28309 
0 0 0 0 0 0 0 0 0 0 0 0 0 0 0 0 0 0 0 0 0 0 0 0 0 0 0 0 0 0 0 0 0 165.478 4.48214 23.5155 -3.69223 13.3292 7.60963 13.7352 -7.91316 0.0718197 8.13759 2.19979 -10.3803 6.29785 -11.4251 -7.51397 6.18053 7.44766 -6.46425 1.92307 11.5981 8.44115 11.1941 7.02772 6.68788 -2.44892 -10.2335 -0.681236 11.6051 21.3972 0.691343 12.3671 
0 0 0 0 0 0 0 0 0 0 0 0 0 0 0 0 0 0 0 0 0 0 0 0 0 0 0 0 0 0 0 0 0 0 165.914 3.96975 11.4606 4.29675 1.34541 26.8398 11.7546 12.3104 2.80612 10.2184 3.32864 6.93306 12.474 7.99678 -3.52882 23.9338 10.3957 7.50764 9.73191 7.04348 6.67153 5.62408 -3.22878 11.136 -2.45131 1.74339 -2.60405 2.01275 -1.01922 8.74784 
0 0 0 0 0 0 0 0 0 0 0 0 0 0 0 0 0 0 0 0 0 0 0 0 0 0 0 0 0 0 0 0 0 0 0 166.003 5.30483 0.670355 4.45462 3.37321 13.1469 4.5471 10.9731 8.99454 -3.89552 2.78215 15.3823 4.50964 6.60817 13.01 3.54431 -10.9611 2.74324 1.69888 9.04488 -2.29916 6.56675 7.64924 0.532887 8.35055 10.7126 10.1882 21.6704 -0.0896059 
0 0 0 0 0 0 0 0 0 0 0 0 0 0 0 0 0 0 0 0 0 0 0 0 0 0 0 0 0 0 0 0 0 0 0 0 165.377 0.192874 -7.41976 -0.69845 6.16681 14.4102 11.3668 6.50439 18.8726 -6.77421 10.4711 15.6375 9.12446 9.95391 -1.35159 2.96475 13.4695 8.02463 -2.08867 -1.77687 -5.45625 10.7628 5.23087 3.48032 4.76509 2.60073 14.2852 -4.15797 
0 0 0 0 0 0 0 0 0 0 0 0 0 0 0 0 0 0 0 0 0 0 0 0 0 0 0 0 0 0 0 0 0 0 0 0 0 157.567 10.9039 -7.454 9.71195 5.35125 -0.84457 -3.02584 6.61395 4.74694 -9.37912 6.7389 6.30772 6.16929 2.60545 7.72671 14.7853 10.0475 16.6472 12.5655 -9.91974 2.06901 8.98543 10.6246 7.95321 20.1349 3.22823 0.90735 
0 0 0 0 0 0 0 0 0 0 0 0 0 0 0 0 0 0 0 0 0 0 0 0 0 0 0 0 0 0 0 0 0 0 0 0 0 0 -160.134 -1.27378 -16.6985 2.71751 -8.60254 -17.2582 -6.34183 -15.1354 -10.2474 -6.58525 -10.7662 -8.2226 -6.74134 4.61379 -13.3801 -11.5629 -10.2562 -4.10957 -13.3228 -16.1784 -17.5174 -2.07062 -2.03608 -3.39845 -13.3981 8.44966 
0 0 0 0 0 0 0 0 0 0 0 0 0 0 0 0 0 0 0 0 0 0 0 0 0 0 0 0 0 0 0 0 0 0 0 0 0 0 0 -155.931 6.84676 3.24368 -1.94292 1.31321 4.2437 -7.22346 -5.43591 -0.649125 -8.06553 -3.91822 -3.34949 5.98089 -7.04765 -0.794063 -2.48594 -8.65753 -0.913318 -4.60739 11.8113 -5.95263 -1.30105 -11.7656 -7.50422 2.57426 
0 0 0 0 0 0 0 0 0 0 0 0 0 0 0 0 0 0 0 0 0 0 0 0 0 0 0 0 0 0 0 0 0 0 0 0 0 0 0 0 166.566 -8.90063 -3.66179 1.43144 1.88082 -6.01613 4.52815 7.43801 -8.1271 -2.98789 1.42114 3.96725 4.83977 -5.48307 -1.52401 -0.298454 7.81226 8.7287 10.6554 -6.09253 16.7935 -0.153001 -2.97579 9.54229 
0 0 0 0 0 0 0 0 0 0 0 0 0 0 0 0 0 0 0 0 0 0 0 0 0 0 0 0 0 0 0 0 0 0 0 0 0 0 0 0 0 -160.072 -0.0534497 -4.61458 -10.4049 -10.3333 -2.31588 2.11075 -20.5544 12.2361 -8.66069 4.74581 -9.18129 -9.76056 -7.75154 5.24224 -7.18834 4.60776 -8.8173 -4.12627 -4.94658 9.10687 -7.50635 -10.1352 
0 0 0 0 0 0 0 0 0 0 0 0 0 0 0 0 0 0 0 0 0 0 0 0 0 0 0 0 0 0 0 0 0 0 0 0 0 0 0 0 0 0 164.135 -2.07284 3.20006 9.39048 10.7837 -7.09738 7.09276 11.3916 2.82997 7.23165 8.21367 -0.763942 -0.0786499 -12.0604 -1.07172 15.9836 -2.86757 18.3417 -8.02282 5.62195 3.43754 -13.1354 
0 0 0 0 0 0 0 0 0 0 0 0 0 0 0 0 0 0 0 0 0 0 0 0 0 0 0 0 0 0 0 0 0 0 0 0 0 0 0 0 0 0 0 169.299 1.66933 1.65787 0.131209 17.7734 -15.5643 -5.83021 12.0174 14.8023 9.5332 6.24966 4.9649 -8.78465 0.981533 10.6836 13.4253 3.56633 -3.40735 -8.59464 13.1777 -1.43495 
0 0 0 0 0 0 0 0 0 0 0 0 0 0 0 0 0 0 0 0 0 0 0 0 0 0 0 0 0 0 0 0 0 0 0 0 0 0 0 0 0 0 0 0 -161.336 -7.51729 4.14217 -3.15622 -1.90174 -13.7785 5.52541 -2.30806 -9.69827 -5.22343 0.0701212 -9.8221 -14.5805 2.51805 -5.29231 -14.5223 -9.69826 -1.155 -8.36212 -6.52329 
0 0 0 0 0 0 0 0 0 0 0 0 0 0 0 0 0 0 0 0 0 0 0 0 0 0 0 0 0 0 0 0 0 0 0 0 0 0 0 0 0 0 0 0 0 -168.464 9.13755 -6.19924 -3.63339 -11.469 4.55031 -15.5037 -17.4183 -2.53147 -18.9328 -0.558371 -13.4599 -4.32362 -11.994 -15.9423 11.1866 -7.07864 5.91989 -2.75795 
0 0 0 0 0 0 0 0 0 0 0 0 0 0 0 0 0 0 0 0 0 0 0 0 0 0 0 0 0 0 0 0 0 0 0 0 0 0 0 0 0 0 0 0 0 0 154.951 -5.25165 20.5701 -1.57745 18.551 4.71859 -8.57065 16.8555 15.744 2.19338 -5.33354 2.94194 9.51578 1.93864 -11.9066 -10.378 8.71778 14.7438 
0 0 0 0 0 0 0 0 0 0 0 0 0 0 0 0 0 0 0 0 0 0 0 0 0 0 0 0 0 0 0 0 0 0 0 0 0 0 0 0 0 0 0 0 0 0 0 -160.042 -1.17227 -11.653 -17.4116 -5.33978 10.8351 -2.86867 9.16282 -8.66283 -10.3611 1.9908 2.61589 1.14229 4.86123 -10.106 -11.1996 -8.5289 
0 0 0 0 0 0 0 0 0 0 0 0 0 0 0 0 0 0 0 0 0 0 0 0 0 0 0 0 0 0 0 0 0 0 0 0 0 0 0 0 0 0 0 0 0 0 0 0 163.584 7.60398 8.64507 3.68938 -7.22498 7.54747 2.57904 9.83774 -10.8513 8.45796 13.3678 15.1973 -1.93543 8.68006 12.5651 11.7799 
0 0 0 0 0 0 0 0 0 0 0 0 0 0 0 0 0 0 0 0 0 0 0 0 0 0 0 0 0 0 0 0 0 0 0 0 0 0 0 0 0 0 0 0 0 0 0 0 0 -158.115 13.4253 -12.2356 -21.7316 -22.5718 1.81327 -20.1931 -10.7388 2.22868 -6.06538 2.82307 -4.16992 -6.0644 -12.9606 1.02682 
0 0 0 0 0 0 0 0 0 0 0 0 0 0 0 0 0 0 0 0 0 0 0 0 0 0 0 0 0 0 0 0 0 0 0 0 0 0 0 0 0 0 0 0 0 0 0 0 0 0 -161.026 10.1328 7.02842 11.4857 -1.97139 -11.3484 13.3596 2.36818 -5.42049 -10.4634 -5.21627 0.427869 -1.23517 -10.5614 
0 0 0 0 0 0 0 0 0 0 0 0 0 0 0 0 0 0 0 0 0 0 0 0 0 0 0 0 0 0 0 0 0 0 0 0 0 0 0 0 0 0 0 0 0 0 0 0 0 0 0 164.078 1.91337 3.42975 12.4948 6.39308 4.01607 3.40167 -2.71328 4.43352 5.87036 10.1433 17.4209 -0.856229 
0 0 0 0 0 0 0 0 0 0 0 0 0 0 0 0 0 0 0 0 0 0 0 0 0 0 0 0 0 0 0 0 0 0 0 0 0 0 0 0 0 0 0 0 0 0 0 0 0 0 0 0 -156.429 -17.9573 6.20721 8.95421 -2.18571 -9.36483 5.22359 -15.407 -11.4425 2.84373 1.52038 -0.0648609 
0 0 0 0 0 0 0 0 0 0 0 0 0 0 0 0 0 0 0 0 0 0 0 0 0 0 0 0 0 0 0 0 0 0 0 0 0 0 0 0 0 0 0 0 0 0 0 0 0 0 0 0 0 -160.626 -8.73564 -2.64024 -9.58299 7.07521 -16.7771 -6.01133 -1.79009 10.2607 6.44833 -13.2872 
0 0 0 0 0 0 0 0 0 0 0 0 0 0 0 0 0 0 0 0 0 0 0 0 0 0 0 0 0 0 0 0 0 0 0 0 0 0 0 0 0 0 0 0 0 0 0 0 0 0 0 0 0 0 -155.665 1.49725 1.06104 -13.716 -0.599858 0.330853 1.24049 -1.03506 -3.20482 5.27413 
0 0 0 0 0 0 0 0 0 0 0 0 0 0 0 0 0 0 0 0 0 0 0 0 0 0 0 0 0 0 0 0 0 0 0 0 0 0 0 0 0 0 0 0 0 0 0 0 0 0 0 0 0 0 0 -159.112 -1.09104 -5.06458 -14.4372 -4.45884 1.91486 -0.291291 -7.15699 -20.583 
0 0 0 0 0 0 0 0 0 0 0 0 0 0 0 0 0 0 0 0 0 0 0 0 0 0 0 0 0 0 0 0 0 0 0 0 0 0 0 0 0 0 0 0 0 0 0 0 0 0 0 0 0 0 0 0 161.765 -0.842209 -3.57552 -4.31643 14.0882 19.3055 -5.35902 15.3355 
0 0 0 0 0 0 0 0 0 0 0 0 0 0 0 0 0 0 0 0 0 0 0 0 0 0 0 0 0 0 0 0 0 0 0 0 0 0 0 0 0 0 0 0 0 0 0 0 0 0 0 0 0 0 0 0 0 149.543 3.40952 3.41032 -0.854987 -0.240818 8.1699 -3.35133 
0 0 0 0 0 0 0 0 0 0 0 0 0 0 0 0 0 0 0 0 0 0 0 0 0 0 0 0 0 0 0 0 0 0 0 0 0 0 0 0 0 0 0 0 0 0 0 0 0 0 0 0 0 0 0 0 0 0 162.975 9.96767 2.06107 2.53825 1.52909 -11.0701 
0 0 0 0 0 0 0 0 0 0 0 0 0 0 0 0 0 0 0 0 0 0 0 0 0 0 0 0 0 0 0 0 0 0 0 0 0 0 0 0 0 0 0 0 0 0 0 0 0 0 0 0 0 0 0 0 0 0 0 -161.214 2.99389 -0.122532 -1.31462 3.9926 
0 0 0 0 0 0 0 0 0 0 0 0 0 0 0 0 0 0 0 0 0 0 0 0 0 0 0 0 0 0 0 0 0 0 0 0 0 0 0 0 0 0 0 0 0 0 0 0 0 0 0 0 0 0 0 0 0 0 0 0 158.415 1.17397 2.03446 4.57576 
0 0 0 0 0 0 0 0 0 0 0 0 0 0 0 0 0 0 0 0 0 0 0 0 0 0 0 0 0 0 0 0 0 0 0 0 0 0 0 0 0 0 0 0 0 0 0 0 0 0 0 0 0 0 0 0 0 0 0 0 0 161.821 -5.0275 -6.09837 
0 0 0 0 0 0 0 0 0 0 0 0 0 0 0 0 0 0 0 0 0 0 0 0 0 0 0 0 0 0 0 0 0 0 0 0 0 0 0 0 0 0 0 0 0 0 0 0 0 0 0 0 0 0 0 0 0 0 0 0 0 0 155.72 0.151835 
0 0 0 0 0 0 0 0 0 0 0 0 0 0 0 0 0 0 0 0 0 0 0 0 0 0 0 0 0 0 0 0 0 0 0 0 0 0 0 0 0 0 0 0 0 0 0 0 0 0 0 0 0 0 0 0 0 0 0 0 0 0 0 155.554 
