-233.484 -174.807 -179.505 -176.571 -176.48 -173.873 -184.415 -179.063 -160.336 -164.172 -172.094 -177.602 -183.949 -174.814 -172.849 -161.818 
0 -150.056 -57.871 -55.7316 -62.5454 -58.0898 -67.0904 -59.0924 -57.3705 -58.7431 -61.5777 -63.5488 -65.8195 -62.5508 -61.8481 -57.9009 
0 0 139.739 45.9536 47.4198 44.0349 47.6743 45.3809 39.6685 40.6176 42.5775 43.9404 45.5105 43.2504 42.7645 40.0353 
0 0 0 131.15 34.5406 25.1211 26.1533 29.0955 26.4521 27.0849 28.3919 29.3007 30.3477 28.8406 28.5165 26.6966 
0 0 0 0 129.366 19.6135 23.5894 26.752 22.7793 23.3243 24.4498 25.2324 26.134 24.8362 24.5571 22.9899 
0 0 0 0 0 125.489 20.3631 18.9776 17.5233 17.9425 18.8083 19.4104 20.104 19.1056 18.8909 17.6853 
0 0 0 0 0 0 -125.659 -13.3299 -14.044 -14.38 -15.0739 -15.5564 -16.1122 -15.3121 -15.14 -14.1738 
0 0 0 0 0 0 0 -120.077 -13.4314 -13.7527 -14.4163 -14.8778 -15.4094 -14.6442 -14.4796 -13.5555 
0 0 0 0 0 0 0 0 -120.886 -12.0707 -12.8984 -7.92879 -8.96591 -5.76489 -12.8142 -2.69834 
0 0 0 0 0 0 0 0 0 -114.119 -12.8156 -14.0289 -16.8875 -8.57719 -9.04516 11.6016 
0 0 0 0 0 0 0 0 0 0 121.009 17.1651 11.0297 9.79786 10.9372 10.1686 
0 0 0 0 0 0 0 0 0 0 0 -119.623 6.33408 -10.548 -8.79419 -37.9994 
0 0 0 0 0 0 0 0 0 0 0 0 -121.716 -7.20093 -11.9186 -14.3012 
0 0 0 0 0 0 0 0 0 0 0 0 0 -119.795 0.465901 -6.70615 
0 0 0 0 0 0 0 0 0 0 0 0 0 0 -123.624 -4.37997 
0 0 0 0 0 0 0 0 0 0 0 0 0 0 0 -112.239 
