6406.63 
323.603 
321.415 
315.85 
314.601 
314.545 
313.059 
311.094 
309.92 
308.175 
307.989 
305.493 
304.315 
303.896 
302.306 
301.108 
300.196 
299.099 
298.118 
297.513 
297.004 
296.663 
295.401 
294.078 
293.722 
293.039 
292.413 
291.991 
290.889 
289.782 
288.681 
288.065 
286.975 
285.978 
285.4 
285.202 
283.544 
282.176 
281.593 
281.277 
281.012 
280.062 
279.858 
277.948 
277.37 
276.72 
276.278 
275.309 
274.47 
274.334 
273.95 
272.435 
271.994 
270.345 
269.477 
269.109 
268.848 
267.221 
266.839 
265.467 
265.046 
264.485 
263.898 
263.487 
262.591 
261.745 
261.551 
261.338 
261.028 
260.255 
259.801 
258.706 
258.13 
257.42 
256.817 
255.841 
255.139 
254.835 
254.694 
253.336 
252.869 
252.229 
251.773 
250.263 
249.678 
249.49 
248.403 
248.322 
247.936 
247.496 
246.636 
245.837 
245.484 
244.801 
244.689 
243.989 
243.281 
243.021 
241.991 
241.779 
240.918 
240.307 
239.983 
239.535 
238.44 
237.753 
237.591 
237.389 
236.136 
235.151 
234.768 
233.962 
233.69 
232.895 
232.699 
232.21 
231.676 
230.912 
230.422 
229.429 
229.039 
228.339 
227.854 
227.525 
227.146 
226.37 
225.991 
225.232 
224.771 
224.222 
223.925 
222.673 
222.598 
222.048 
221.529 
221.121 
220.417 
219.598 
219.211 
218.304 
217.729 
217.017 
216.817 
215.525 
215.469 
214.944 
214.702 
213.69 
212.695 
212.387 
211.694 
210.914 
210.682 
210.333 
209.909 
209.423 
208.97 
208.264 
207.065 
206.451 
206.346 
205.565 
205.39 
204.59 
203.856 
203.351 
202.407 
200.546 
199.971 
199.85 
199.674 
199.328 
198.937 
198.305 
197.658 
196.964 
196.547 
195.861 
195.647 
195.112 
194.752 
194.277 
193.925 
193.886 
192.408 
191.817 
191.198 
190.877 
189.578 
189.417 
189.244 
188.495 
188.036 
187.989 
187.61 
187.236 
187.151 
185.833 
185.434 
184.492 
184.006 
183.424 
182.936 
181.973 
181.065 
180.889 
180.588 
179.516 
178.575 
177.787 
177.167 
176.509 
176.249 
175.724 
174.132 
173.919 
173.661 
172.376 
170.896 
169.761 
169.439 
169.017 
168.579 
168.084 
167.229 
167.08 
166.793 
165.87 
165.458 
164.478 
163.42 
162.613 
162.161 
161.735 
161.082 
160.126 
159.758 
159.232 
158.287 
157.074 
156.375 
155.959 
155.52 
155.287 
152.617 
152.065 
151.164 
150.687 
150.06 
148.999 
147.469 
146.365 
145.937 
145.073 
143.568 
141.287 
