-165.098 -123.607 -126.929 -124.855 -124.79 -122.947 -130.401 -126.616 -120.438 -124.619 -122.097 -117.039 -121.29 -123.706 -126.295 -127.149 -120.508 -123.793 -120.314 -119.752 -119.878 -122.506 -123.737 -123.159 -121.921 -121.773 -127.704 -125.479 -123.757 -121.761 -123.492 -121.855 -108.848 -117.901 -108.582 -123.592 -116.448 -126.929 -130.049 -121.118 -130.044 -130.099 -121.051 -126.173 -133.945 -110.501 -127.242 -101.604 -140.806 -120.071 -119.793 -119.518 -128.042 -125.565 -117.906 -120.508 -130.683 -124.844 -121.851 -123.825 -127.855 -132.161 -127.859 -125.732 
0 106.106 40.921 39.4082 44.2263 41.0757 47.4401 41.7846 41.9505 40.8721 42.8912 47.4401 42.0538 42.9896 40.069 41.6597 47.1027 42.0012 36.5945 40.7185 41.1593 42.1152 37.4106 43.4097 45.2159 44.1026 48.8379 48.2135 47.563 49.6738 47.0342 46.9434 38.9474 42.1868 38.8523 44.223 41.6669 45.4171 46.5336 43.338 46.5315 46.5513 43.3137 45.1466 47.9274 39.539 45.5289 36.3554 50.3824 42.9631 42.8638 42.7652 45.8154 44.9289 42.1885 43.1196 46.7602 44.671 43.6 44.3065 45.7486 47.2891 45.75 44.9889 
0 0 -98.8101 -32.4941 -33.5309 -31.1374 -33.7108 -32.0891 -29.1114 -33.3026 -33.3292 -30.0363 -28.9217 -31.7294 -33.7268 -33.0655 -33.2623 -36.1148 -31.6047 -33.2893 -30.9456 -33.2832 -30.6567 -29.4887 -33.9892 -37.3644 -26.6235 -28.6002 -30.0219 -34.2251 -28.7502 -29.412 -26.9299 -29.1698 -26.8642 -30.5777 -28.8103 -31.4034 -32.1754 -29.9658 -32.1739 -32.1877 -29.949 -31.2163 -33.1391 -27.339 -31.4807 -25.1377 -34.8366 -29.7065 -29.6379 -29.5697 -31.6788 -31.0658 -29.171 -29.8148 -32.3321 -30.8875 -30.147 -30.6355 -31.6326 -32.6978 -31.6336 -31.1073 
0 0 0 -92.7369 -24.4239 -17.7633 -18.4931 -20.5736 -17.2718 -21.3461 -21.3929 -24.6909 -20.0616 -21.5842 -19.005 -15.9456 -21.9125 -18.8096 -21.3922 -18.8795 -16.5961 -22.2402 -25.2577 -20.3313 -21.8 -16.3536 -15.738 -19.2479 -20.645 -22.2463 -22.1955 -15.7872 -17.9576 -19.4512 -17.9138 -20.3901 -19.2115 -20.9407 -21.4554 -19.982 -21.4545 -21.4636 -19.9708 -20.8159 -22.0981 -18.2304 -20.9922 -16.7625 -23.23 -19.8091 -19.7634 -19.7179 -21.1243 -20.7156 -19.452 -19.8813 -21.5599 -20.5967 -20.1028 -20.4286 -21.0935 -21.8038 -21.0941 -20.7432 
0 0 0 0 -91.4754 -13.8688 -16.6802 -18.9165 -19.5918 -18.2212 -15.4211 -15.7199 -18.2495 -16.9052 -14.8903 -15.163 -19.4598 -18.989 -16.3376 -19.4371 -17.0756 -16.8163 -14.4037 -16.345 -16.5151 -18.2143 -22.1666 -14.3414 -13.3612 -15.8209 -16.2297 -13.0549 -15.4643 -16.7505 -15.4265 -17.559 -16.5441 -18.0331 -18.4764 -17.2076 -18.4756 -18.4835 -17.1979 -17.9257 -19.0298 -15.6992 -18.0775 -14.4351 -20.0046 -17.0587 -17.0193 -16.9802 -18.1912 -17.8393 -16.7512 -17.1209 -18.5664 -17.7369 -17.3116 -17.5921 -18.1647 -18.7764 -18.1653 -17.8631 
0 0 0 0 0 88.7338 14.3989 13.4192 16.1639 16.6664 11.8461 12.9402 13.9804 11.3753 16.4892 13.603 17.5031 15.9913 8.79219 16.4696 12.6558 13.5247 16.7661 15.5452 17.2335 10.6848 13.9057 10.8611 10.6811 13.6985 11.8747 14.476 11.8961 12.8856 11.8671 13.5075 12.7268 13.8722 14.2132 13.2372 14.2126 14.2187 13.2298 13.7896 14.639 12.0768 13.9064 11.1044 15.3888 13.1227 13.0924 13.0622 13.9939 13.7231 12.8861 13.1705 14.2825 13.6444 13.3172 13.533 13.9735 14.444 13.9739 13.7414 
0 0 0 0 0 0 88.8546 9.42565 14.3167 11.033 17.8272 9.68333 7.03122 8.62384 10.8941 12.0019 11.6855 11.1917 16.5784 8.19456 14.1892 8.99741 10.5757 11.4068 13.9488 11.0354 10.1763 13.2676 13.974 7.66605 11.5619 8.1791 9.53409 10.3271 9.51081 10.8255 10.1998 11.1178 11.3911 10.6089 11.3906 11.3955 10.6029 11.0516 11.7323 9.67891 11.1452 8.89958 12.3333 10.5171 10.4928 10.4687 11.2153 10.9983 10.3275 10.5554 11.4466 10.9352 10.673 10.846 11.199 11.5761 11.1993 11.013 
0 0 0 0 0 0 0 -84.9072 -9.09064 -8.62927 -10.8854 -10.46 -7.95605 -11.2336 -8.99592 -9.56607 -4.67572 -10.1829 -11.9301 -14.4371 -13.638 -9.69757 -7.85396 -13.5039 -12.2885 -13.5391 -11.4655 -14.8141 -9.7886 -10.0721 -10.9089 -10.8797 -9.11821 -9.87661 -9.09594 -10.3533 -9.75489 -10.6329 -10.8943 -10.1461 -10.8938 -10.8984 -10.1404 -10.5695 -11.2206 -9.25671 -10.6591 -8.51137 -11.7953 -10.0583 -10.0351 -10.012 -10.7261 -10.5186 -9.877 -10.095 -10.9473 -10.4582 -10.2075 -10.3729 -10.7105 -11.0711 -10.7108 -10.5326 
0 0 0 0 0 0 0 0 -83.7107 -12.4299 -3.56173 -13.4947 -11.4512 -6.9059 -7.93668 -9.18481 -8.7907 -8.66247 -7.07328 -8.36007 -9.81921 -7.48423 -3.93274 -4.89471 -10.1349 -7.7896 -9.87228 -10.9349 -13.582 -9.0143 -10.4913 -5.01822 -8.03728 -8.70577 -8.01765 -9.12597 -8.59848 -9.37239 -9.60278 -8.94333 -9.60235 -9.60645 -8.93832 -9.31656 -9.89041 -8.15936 -9.39546 -7.50238 -10.397 -8.86596 -8.84548 -8.82513 -9.45457 -9.27164 -8.70612 -8.89828 -9.64955 -9.21843 -8.9974 -9.1432 -9.44078 -9.75869 -9.44108 -9.28401 
0 0 0 0 0 0 0 0 0 83.703 13.747 9.43845 5.51357 9.05771 9.01353 3.7995 8.17899 6.40127 12.57 10.0417 9.54844 6.84247 7.86042 4.68179 10.0991 6.9068 10.5621 6.5915 12.8706 10.325 11.1891 6.5764 8.04132 8.71015 8.02168 9.13056 8.60281 9.3771 9.60761 8.94782 9.60718 9.61128 8.94281 9.32124 9.89539 8.16346 9.40019 7.50616 10.4023 8.87042 8.84993 8.82957 9.45933 9.27631 8.7105 8.90275 9.6544 9.22306 9.00193 9.1478 9.44553 9.7636 9.44583 9.28868 
0 0 0 0 0 0 0 0 0 0 -83.0608 -11.4629 -2.05656 -8.89678 -7.18526 -6.17311 -5.41911 -1.80331 -1.10724 -6.97392 -5.27293 -6.07 -9.29273 -4.86558 -3.95659 -8.76344 -7.97569 -7.48369 -4.63693 -6.06671 -3.74085 -5.31386 -5.77188 -6.25195 -5.75778 -6.55371 -6.1749 -6.73067 -6.89612 -6.42255 -6.89581 -6.89876 -6.41895 -6.69058 -7.10268 -5.85955 -6.74724 -5.38775 -7.46651 -6.36699 -6.35228 -6.33767 -6.78969 -6.65832 -6.2522 -6.39019 -6.92971 -6.62011 -6.46138 -6.56608 -6.77979 -7.00809 -6.78 -6.66721 
0 0 0 0 0 0 0 0 0 0 0 -84.7514 -6.54979 -3.35538 -3.83292 -4.11616 -7.59695 -11.8589 -4.94749 -8.65024 -6.32543 -7.75063 -6.03529 -5.34532 -4.65714 -8.81307 -6.71462 -11.1497 -7.66091 -8.54861 -9.46367 -5.18307 -6.41237 -6.94571 -6.39671 -7.28095 -6.86011 -7.47756 -7.66137 -7.13524 -7.66102 -7.66429 -7.13124 -7.43301 -7.89085 -6.50977 -7.49596 -5.98561 -8.29505 -7.07351 -7.05718 -7.04094 -7.54312 -7.39718 -6.94599 -7.09929 -7.69868 -7.35472 -7.17838 -7.2947 -7.53212 -7.78576 -7.53236 -7.40705 
0 0 0 0 0 0 0 0 0 0 0 0 83.312 4.47787 1.58148 3.73316 3.00922 8.82667 5.89941 2.49317 4.72525 8.24043 6.196 7.46058 3.89032 11.2274 5.6641 12.7792 5.60266 4.53245 6.64764 7.5198 6.02792 6.52929 6.0132 6.84443 6.44882 7.02925 7.20204 6.70745 7.20172 7.20479 6.7037 6.98738 7.41776 6.11948 7.04655 5.62675 7.79773 6.64943 6.63407 6.61881 7.09089 6.95369 6.52955 6.67367 7.23712 6.91378 6.74801 6.85736 7.08054 7.31897 7.08077 6.96297 
0 0 0 0 0 0 0 0 0 0 0 0 0 84.7444 6.12737 7.38004 6.38133 9.28565 5.01457 11.1245 6.68324 5.79848 6.17836 12.0988 4.9623 7.00153 6.28351 2.56913 5.29528 4.08648 7.85935 1.43682 5.5953 6.06068 5.58164 6.35321 5.98599 6.52476 6.68515 6.22606 6.68485 6.68771 6.22257 6.48589 6.88539 5.68029 6.54082 5.22292 7.23809 6.1722 6.15795 6.14378 6.58198 6.45463 6.06093 6.1947 6.71771 6.41758 6.26371 6.36521 6.57238 6.79369 6.57258 6.46324 
0 0 0 0 0 0 0 0 0 0 0 0 0 0 88.227 10.5175 4.36835 5.24995 11.2673 11.6385 10.1355 9.38264 2.90363 9.35883 8.83709 9.67161 8.02635 10.8905 6.86265 8.20626 10.9285 8.17648 6.32917 6.85559 6.31371 7.18649 6.7711 7.38054 7.56197 7.04266 7.56163 7.56486 7.03872 7.33657 7.78847 6.42531 7.39871 5.90795 8.18743 6.98174 6.96561 6.94959 7.44526 7.3012 6.85587 7.00718 7.5988 7.2593 7.08525 7.20006 7.4344 7.68474 7.43463 7.31094 
0 0 0 0 0 0 0 0 0 0 0 0 0 0 0 -83.8531 -7.46521 -6.76966 -0.79348 -3.92962 -9.28882 -8.10517 -4.71035 -5.27298 -3.6344 -8.40559 -2.55869 -5.96534 -7.78049 -4.49402 -9.35673 -3.43071 -4.52082 -4.89684 -4.50978 -5.13319 -4.83649 -5.2718 -5.40139 -5.03046 -5.40114 -5.40345 -5.02764 -5.24039 -5.56317 -4.58949 -5.28477 -4.21995 -5.84814 -4.98694 -4.97542 -4.96397 -5.31802 -5.21513 -4.89703 -5.00512 -5.42769 -5.1852 -5.06087 -5.14288 -5.31027 -5.48908 -5.31043 -5.22209 
0 0 0 0 0 0 0 0 0 0 0 0 0 0 0 0 -82.6396 -2.35539 -3.09409 -5.77055 -4.99784 -0.514711 -4.45275 -6.07523 -7.40229 -15.3509 -3.50501 -1.67506 -2.95066 -4.75593 -6.9167 0.620215 -4.23683 -4.58923 -4.22649 -4.81073 -4.53267 -4.94063 -5.06208 -4.71445 -5.06186 -5.06402 -4.71181 -4.9112 -5.21371 -4.30119 -4.9528 -3.95486 -5.48078 -4.67367 -4.66288 -4.65215 -4.98396 -4.88753 -4.58941 -4.69071 -5.08674 -4.85947 -4.74296 -4.81982 -4.97669 -5.14427 -4.97684 -4.89405 
0 0 0 0 0 0 0 0 0 0 0 0 0 0 0 0 0 -80.6593 -8.23576 -3.88171 -3.53729 -3.8862 -4.21984 -1.74947 -3.05442 -4.88356 -2.65714 -3.20239 0.0760568 -3.72536 -0.113433 -5.56727 -3.89841 -4.22266 -3.88889 -4.42647 -4.17062 -4.54599 -4.65774 -4.33788 -4.65753 -4.65952 -4.33545 -4.51891 -4.79726 -3.95762 -4.55718 -3.63896 -5.04299 -4.30035 -4.29042 -4.28055 -4.58586 -4.49713 -4.22283 -4.31603 -4.68043 -4.47132 -4.36411 -4.43483 -4.57917 -4.73337 -4.57931 -4.50313 
0 0 0 0 0 0 0 0 0 0 0 0 0 0 0 0 0 0 81.7963 4.45604 6.54037 5.56958 -0.736402 7.93185 4.02817 3.4358 1.9247 5.98022 6.40447 0.982487 7.23416 3.99681 4.31778 4.67691 4.30724 4.90265 4.61927 5.03503 5.1588 4.80453 5.15857 5.16077 4.80184 5.00504 5.31332 4.38337 5.04742 4.03043 5.58549 4.76297 4.75197 4.74103 5.07918 4.98091 4.6771 4.78033 5.18393 4.95232 4.83358 4.9119 5.07177 5.24256 5.07193 4.98755 
0 0 0 0 0 0 0 0 0 0 0 0 0 0 0 0 0 0 0 -83.6083 -1.289 -4.15368 -0.98859 -7.08444 -8.92996 -2.58111 -1.17914 -7.50437 -5.7854 -3.95623 -7.8912 -2.8275 -3.61214 -3.91258 -3.60332 -4.10143 -3.86436 -4.21217 -4.31572 -4.01934 -4.31552 -4.31737 -4.01709 -4.18708 -4.44498 -3.66701 -4.22254 -3.37175 -4.67267 -3.98457 -3.97537 -3.96622 -4.24911 -4.1669 -3.91274 -3.9991 -4.33674 -4.14298 -4.04365 -4.10917 -4.24291 -4.38579 -4.24304 -4.17245 
0 0 0 0 0 0 0 0 0 0 0 0 0 0 0 0 0 0 0 0 82.7676 7.62251 8.86073 2.7139 -0.718813 2.62993 3.96697 0.973152 10.0285 1.0987 5.20174 0.0830955 2.43137 2.6336 2.42543 2.76071 2.60114 2.83526 2.90495 2.70546 2.90482 2.90606 2.70394 2.81837 2.99196 2.4683 2.84223 2.26956 3.14522 2.68205 2.67586 2.6697 2.86012 2.80478 2.6337 2.69183 2.9191 2.78868 2.72182 2.76592 2.85594 2.95212 2.85603 2.80852 
0 0 0 0 0 0 0 0 0 0 0 0 0 0 0 0 0 0 0 0 0 -83.912 -4.83409 -3.3932 -0.317501 3.17317 -0.115331 -0.272645 -2.86821 0.54988 -6.8156 -5.26372 -3.10575 -3.36407 -3.09817 -3.52644 -3.32261 -3.62166 -3.71069 -3.45586 -3.71052 -3.71211 -3.45393 -3.60009 -3.82184 -3.15293 -3.63058 -2.89906 -4.01761 -3.42597 -3.41806 -3.41019 -3.65342 -3.58273 -3.3642 -3.43846 -3.72876 -3.56217 -3.47676 -3.5331 -3.64809 -3.77094 -3.64821 -3.58751 
0 0 0 0 0 0 0 0 0 0 0 0 0 0 0 0 0 0 0 0 0 0 -80.69 -6.07133 -1.81538 0.449208 -8.27385 -3.63983 -3.6153 -1.96676 -4.57922 -7.24949 -2.70928 -2.93462 -2.70267 -3.07627 -2.89846 -3.15933 -3.237 -3.0147 -3.23685 -3.23823 -3.01301 -3.14051 -3.33395 -2.75043 -3.16711 -2.52897 -3.50473 -2.98862 -2.98172 -2.97486 -3.18704 -3.12537 -2.93474 -2.99951 -3.25276 -3.10743 -3.03293 -3.08208 -3.18239 -3.28955 -3.18249 -3.12954 
0 0 0 0 0 0 0 0 0 0 0 0 0 0 0 0 0 0 0 0 0 0 0 83.3231 5.1939 9.23013 4.32385 3.2575 5.88612 1.18126 -0.123535 1.92056 3.2035 3.46995 3.19568 3.63743 3.42719 3.73565 3.82748 3.56464 3.82731 3.82895 3.56264 3.7134 3.94213 3.25216 3.74485 2.9903 4.14406 3.5338 3.52564 3.51753 3.76841 3.6955 3.47009 3.54668 3.84612 3.67429 3.58619 3.6443 3.76291 3.88963 3.76303 3.70043 
0 0 0 0 0 0 0 0 0 0 0 0 0 0 0 0 0 0 0 0 0 0 0 0 -82.5743 -4.49462 -3.74639 -4.07483 -3.79417 0.702151 -3.06888 -4.0554 -2.5299 -2.74032 -2.52372 -2.87259 -2.70655 -2.95016 -3.02268 -2.8151 -3.02254 -3.02383 -2.81352 -2.93258 -3.11321 -2.56833 -2.95742 -2.36153 -3.27269 -2.79075 -2.7843 -2.7779 -2.97602 -2.91844 -2.74043 -2.80092 -3.0374 -2.90169 -2.83212 -2.87801 -2.97168 -3.07175 -2.97178 -2.92234 
0 0 0 0 0 0 0 0 0 0 0 0 0 0 0 0 0 0 0 0 0 0 0 0 0 -81.2203 -7.11727 -4.05808 -0.051748 -7.39568 0.249515 -7.34069 -1.91161 -2.07061 -1.90694 -2.17055 -2.04509 -2.22916 -2.28396 -2.12711 -2.28385 -2.28483 -2.12592 -2.21588 -2.35237 -1.94065 -2.23465 -1.78439 -2.47286 -2.10871 -2.10384 -2.099 -2.24871 -2.2052 -2.07069 -2.11639 -2.29508 -2.19254 -2.13997 -2.17465 -2.24543 -2.32104 -2.2455 -2.20814 
0 0 0 0 0 0 0 0 0 0 0 0 0 0 0 0 0 0 0 0 0 0 0 0 0 0 82.4452 6.30353 -7.66198 7.16788 2.35785 3.41627 2.0697 2.24184 2.06464 2.35005 2.21421 2.41351 2.47283 2.30302 2.47272 2.47378 2.30173 2.39913 2.5469 2.10114 2.41945 1.93196 2.67736 2.28309 2.27782 2.27258 2.43467 2.38756 2.24193 2.29142 2.48488 2.37386 2.31694 2.35449 2.43112 2.51298 2.43119 2.39075 
0 0 0 0 0 0 0 0 0 0 0 0 0 0 0 0 0 0 0 0 0 0 0 0 0 0 0 -80.9112 -5.08671 -2.63543 -4.63018 -3.8988 -2.06381 -2.23547 -2.05877 -2.34336 -2.20792 -2.40664 -2.4658 -2.29646 -2.46569 -2.46674 -2.29518 -2.3923 -2.53966 -2.09516 -2.41256 -1.92646 -2.66975 -2.2766 -2.27134 -2.26611 -2.42774 -2.38077 -2.23555 -2.2849 -2.47781 -2.3671 -2.31035 -2.34779 -2.4242 -2.50583 -2.42428 -2.38395 
0 0 0 0 0 0 0 0 0 0 0 0 0 0 0 0 0 0 0 0 0 0 0 0 0 0 0 0 78.4681 2.19741 -3.84996 2.01729 2.21706 2.40146 2.21165 2.51737 2.37187 2.58535 2.6489 2.46699 2.64878 2.64991 2.46561 2.56995 2.72824 2.25074 2.59171 2.06951 2.868 2.44565 2.44 2.43439 2.60802 2.55756 2.40156 2.45457 2.6618 2.54288 2.48191 2.52213 2.60422 2.69191 2.6043 2.56097 
0 0 0 0 0 0 0 0 0 0 0 0 0 0 0 0 0 0 0 0 0 0 0 0 0 0 0 0 0 81.0241 4.48849 3.85693 1.6138 1.74802 1.60985 1.83239 1.72648 1.88187 1.92813 1.79572 1.92804 1.92887 1.79471 1.87066 1.98588 1.63831 1.8865 1.50639 2.08761 1.78019 1.77607 1.77199 1.89837 1.86164 1.74809 1.78667 1.93752 1.85096 1.80658 1.83585 1.8956 1.95944 1.89566 1.86413 
0 0 0 0 0 0 0 0 0 0 0 0 0 0 0 0 0 0 0 0 0 0 0 0 0 0 0 0 0 0 -79.8468 -0.178592 -2.90987 -3.1519 -2.90277 -3.30403 -3.11305 -3.39324 -3.47666 -3.2379 -3.4765 -3.47798 -3.23609 -3.37303 -3.58079 -2.95407 -3.4016 -2.71621 -3.76422 -3.20989 -3.20248 -3.19511 -3.423 -3.35677 -3.15202 -3.22159 -3.49359 -3.3375 -3.25748 -3.31027 -3.41801 -3.5331 -3.41811 -3.36125 
0 0 0 0 0 0 0 0 0 0 0 0 0 0 0 0 0 0 0 0 0 0 0 0 0 0 0 0 0 0 0 -82.0073 -2.69952 -2.92405 -2.69293 -3.06518 -2.88801 -3.14795 -3.22533 -3.00384 -3.22519 -3.22656 -3.00216 -3.1292 -3.32194 -2.74052 -3.1557 -2.51986 -3.4921 -2.97785 -2.97098 -2.96414 -3.17555 -3.11411 -2.92417 -2.98871 -3.24104 -3.09624 -3.022 -3.07097 -3.17092 -3.2777 -3.17102 -3.11827 
0 0 0 0 0 0 0 0 0 0 0 0 0 0 0 0 0 0 0 0 0 0 0 0 0 0 0 0 0 0 0 0 78.2747 2.54788 -8.56167 1.45798 3.48848 -0.102824 -3.08187 4.74095 1.94232 8.49268 1.15147 -16.6723 5.60941 8.15299 -2.72221 1.93924 16.2819 6.47929 -10.4412 16.3392 3.79798 -5.37462 -3.80227 -4.33568 5.10479 -15.8765 1.78474 6.54409 7.56223 6.16965 -2.10118 -4.57573 
0 0 0 0 0 0 0 0 0 0 0 0 0 0 0 0 0 0 0 0 0 0 0 0 0 0 0 0 0 0 0 0 0 -86.0415 10.6845 -11.4956 1.2704 -1.46502 -0.234209 -1.23878 2.83944 3.07276 5.70034 5.77509 -10.7827 -1.44241 7.39339 4.03771 -8.0858 -18.3914 1.85906 -15.3818 6.50744 4.89525 -8.28947 -12.9763 4.06648 -15.6445 8.68207 4.7438 1.91616 1.37498 3.11271 -1.01582 
0 0 0 0 0 0 0 0 0 0 0 0 0 0 0 0 0 0 0 0 0 0 0 0 0 0 0 0 0 0 0 0 0 0 -74.9116 1.94902 -8.46628 -3.69731 -7.03415 -3.72585 -5.77484 -6.57721 1.93934 2.30812 -17.9229 9.21134 7.51046 -1.58825 -9.10921 7.32082 -3.09049 5.47514 8.11531 -11.7911 6.25075 5.66002 -5.7951 -0.652285 -13.7366 2.8597 11.0845 -5.10861 -11.7776 2.82639 
0 0 0 0 0 0 0 0 0 0 0 0 0 0 0 0 0 0 0 0 0 0 0 0 0 0 0 0 0 0 0 0 0 0 0 -77.5356 -5.5982 3.05098 1.54273 -0.753823 -5.6652 -5.44243 -10.0777 -0.465846 10.2319 12.1162 -9.24557 20.5241 0.712579 -8.69617 -7.24514 -4.1915 0.21403 -0.744149 2.21701 -4.33229 -0.682495 4.4803 15.491 -7.86776 3.4501 8.42255 -6.5102 -10.6125 
0 0 0 0 0 0 0 0 0 0 0 0 0 0 0 0 0 0 0 0 0 0 0 0 0 0 0 0 0 0 0 0 0 0 0 0 -84.3052 8.73901 -10.942 3.69221 0.4706 -14.4602 -2.30845 -3.29585 2.47772 -4.63837 -3.73109 2.81184 7.37854 7.57323 -12.6997 -5.71593 3.85011 -5.14541 5.45236 -6.20064 -7.97087 -0.200861 1.46057 2.66842 3.03039 -3.64541 8.35617 4.13139 
0 0 0 0 0 0 0 0 0 0 0 0 0 0 0 0 0 0 0 0 0 0 0 0 0 0 0 0 0 0 0 0 0 0 0 0 0 79.9841 5.37906 2.44929 -2.12052 5.98561 4.05225 -0.790104 -11.7874 9.06923 6.41849 -2.58304 4.97083 -4.82747 -4.55495 2.14911 6.49677 -4.3937 14.2505 5.9004 -6.85656 -1.47721 -3.04939 20.8624 15.2302 10.7813 -1.26569 -4.86413 
0 0 0 0 0 0 0 0 0 0 0 0 0 0 0 0 0 0 0 0 0 0 0 0 0 0 0 0 0 0 0 0 0 0 0 0 0 0 -80.5557 -3.70867 9.06455 -17.8673 -3.00356 7.67545 6.82779 7.82846 -26.2512 -8.98607 -13.4807 -4.82691 -2.49217 6.49395 -15.1072 4.74305 -25.3101 -5.98819 -7.24421 -0.802777 -10.237 -3.53183 -8.05407 -8.07093 -6.80439 4.47862 
0 0 0 0 0 0 0 0 0 0 0 0 0 0 0 0 0 0 0 0 0 0 0 0 0 0 0 0 0 0 0 0 0 0 0 0 0 0 0 -82.3717 -7.85187 11.3124 4.25029 -3.29958 -2.45299 -7.89097 -5.77631 -13.6428 0.495341 -1.19916 -5.06155 -2.15558 -5.5222 1.36608 -6.18512 -11.9352 -11.2053 -7.76075 -3.03666 2.44024 10.3223 11.946 -1.64575 -15.9162 
0 0 0 0 0 0 0 0 0 0 0 0 0 0 0 0 0 0 0 0 0 0 0 0 0 0 0 0 0 0 0 0 0 0 0 0 0 0 0 0 82.0497 0.794923 4.24556 10.4073 13.547 11.9229 1.98003 12.5004 5.45846 2.94211 -14.6181 14.339 2.28695 -0.0355029 -8.53631 -3.878 -6.52443 18.3368 -0.482213 -0.0831881 16.5814 2.24101 2.62415 7.82672 
0 0 0 0 0 0 0 0 0 0 0 0 0 0 0 0 0 0 0 0 0 0 0 0 0 0 0 0 0 0 0 0 0 0 0 0 0 0 0 0 0 -78.6747 3.43349 3.1627 -9.90982 7.1994 -3.31826 -4.94931 2.02096 -17.1294 2.01745 3.18138 -10.4188 2.58446 -8.20166 -5.92676 6.71542 2.388 -15.8779 -7.68806 -3.88161 -10.081 0.85706 -3.58653 
0 0 0 0 0 0 0 0 0 0 0 0 0 0 0 0 0 0 0 0 0 0 0 0 0 0 0 0 0 0 0 0 0 0 0 0 0 0 0 0 0 0 -80.8744 -13.8149 2.86723 -12.4624 9.94684 6.41123 -7.86955 5.32239 -12.302 -3.20422 7.83926 -8.14902 -15.0069 -16.315 -0.954398 -4.94042 -12.5971 -8.19779 -13.3106 -6.20294 -12.8625 -2.94 
0 0 0 0 0 0 0 0 0 0 0 0 0 0 0 0 0 0 0 0 0 0 0 0 0 0 0 0 0 0 0 0 0 0 0 0 0 0 0 0 0 0 0 -77.5707 -4.59511 6.99126 5.28677 -11.3636 7.48398 0.242689 -12.6828 10.5738 -8.26765 -24.7931 -3.02925 7.15385 -13.8263 -3.69686 9.23234 -3.76751 -3.98929 2.84932 -0.38592 -9.76164 
0 0 0 0 0 0 0 0 0 0 0 0 0 0 0 0 0 0 0 0 0 0 0 0 0 0 0 0 0 0 0 0 0 0 0 0 0 0 0 0 0 0 0 0 82.8559 -6.70016 1.58939 -3.03514 -4.32299 10.5198 6.71698 -4.94655 11.0195 -5.84513 -9.92214 -1.60905 4.19283 1.06583 -4.44339 1.82177 1.76937 -1.41394 7.34895 13.3024 
0 0 0 0 0 0 0 0 0 0 0 0 0 0 0 0 0 0 0 0 0 0 0 0 0 0 0 0 0 0 0 0 0 0 0 0 0 0 0 0 0 0 0 0 0 73.5005 -11.1774 -3.56586 7.15826 12.3566 -1.92359 5.60431 11.479 0.831769 17.3836 0.111327 6.57381 -0.046853 2.23155 -0.764678 10.5741 -3.45961 -3.46784 -1.65264 
0 0 0 0 0 0 0 0 0 0 0 0 0 0 0 0 0 0 0 0 0 0 0 0 0 0 0 0 0 0 0 0 0 0 0 0 0 0 0 0 0 0 0 0 0 0 -75.2741 -2.89826 4.37989 -5.76642 1.469 -2.54682 -0.584616 9.50493 10.452 0.283757 2.33724 9.3255 2.7977 1.12226 -1.96676 -11.5889 -2.19392 1.19216 
0 0 0 0 0 0 0 0 0 0 0 0 0 0 0 0 0 0 0 0 0 0 0 0 0 0 0 0 0 0 0 0 0 0 0 0 0 0 0 0 0 0 0 0 0 0 0 -71.1412 -20.3641 -14.74 -20.2829 1.11519 9.12321 -2.85924 -8.61262 -4.46927 -5.31408 8.17231 -8.14955 -4.23054 18.494 -10.7275 -3.03307 -8.18397 
0 0 0 0 0 0 0 0 0 0 0 0 0 0 0 0 0 0 0 0 0 0 0 0 0 0 0 0 0 0 0 0 0 0 0 0 0 0 0 0 0 0 0 0 0 0 0 0 -70.9959 6.83975 -3.95087 10.4032 6.00835 -4.035 17.0897 -7.9962 17.8212 -0.306088 2.3685 7.92724 10.4861 -4.42835 -9.60478 -6.90787 
0 0 0 0 0 0 0 0 0 0 0 0 0 0 0 0 0 0 0 0 0 0 0 0 0 0 0 0 0 0 0 0 0 0 0 0 0 0 0 0 0 0 0 0 0 0 0 0 0 77.1421 7.38574 9.79555 4.58218 10.4911 -7.98063 11.6487 -11.0929 15.3228 -8.80628 7.11846 0.973996 11.7173 -2.6367 11.1865 
0 0 0 0 0 0 0 0 0 0 0 0 0 0 0 0 0 0 0 0 0 0 0 0 0 0 0 0 0 0 0 0 0 0 0 0 0 0 0 0 0 0 0 0 0 0 0 0 0 0 -73.5848 17.3302 -0.183602 -5.67218 -13.0268 -16.5363 -0.685494 -1.00096 10.8521 13.6836 -0.674764 -11.5627 13.3464 6.98802 
0 0 0 0 0 0 0 0 0 0 0 0 0 0 0 0 0 0 0 0 0 0 0 0 0 0 0 0 0 0 0 0 0 0 0 0 0 0 0 0 0 0 0 0 0 0 0 0 0 0 0 -73.1928 -17.1584 -5.43152 -1.94233 16.5065 -2.37832 -1.29833 -6.31195 7.87712 -4.81285 2.86924 4.39965 -9.70176 
0 0 0 0 0 0 0 0 0 0 0 0 0 0 0 0 0 0 0 0 0 0 0 0 0 0 0 0 0 0 0 0 0 0 0 0 0 0 0 0 0 0 0 0 0 0 0 0 0 0 0 0 -68.5147 5.33676 -7.45208 -7.42729 5.53561 -0.808422 10.7144 -7.58133 9.57956 3.03668 -19.5458 11.2239 
0 0 0 0 0 0 0 0 0 0 0 0 0 0 0 0 0 0 0 0 0 0 0 0 0 0 0 0 0 0 0 0 0 0 0 0 0 0 0 0 0 0 0 0 0 0 0 0 0 0 0 0 0 -69.2107 2.89821 0.495708 -0.141472 7.46067 7.86076 1.91448 7.19429 0.320167 8.30431 -10.7478 
0 0 0 0 0 0 0 0 0 0 0 0 0 0 0 0 0 0 0 0 0 0 0 0 0 0 0 0 0 0 0 0 0 0 0 0 0 0 0 0 0 0 0 0 0 0 0 0 0 0 0 0 0 0 64.4852 4.542 -5.77925 1.27576 16.5092 11.6072 -5.40739 5.04188 -19.9713 -23.6576 
0 0 0 0 0 0 0 0 0 0 0 0 0 0 0 0 0 0 0 0 0 0 0 0 0 0 0 0 0 0 0 0 0 0 0 0 0 0 0 0 0 0 0 0 0 0 0 0 0 0 0 0 0 0 0 65.852 -1.81265 0.0231667 7.98751 2.08928 -1.28004 1.30219 8.14281 5.02657 
0 0 0 0 0 0 0 0 0 0 0 0 0 0 0 0 0 0 0 0 0 0 0 0 0 0 0 0 0 0 0 0 0 0 0 0 0 0 0 0 0 0 0 0 0 0 0 0 0 0 0 0 0 0 0 0 73.8338 0.71158 21.3482 15.2112 -0.982634 8.74419 10.1492 16.107 
0 0 0 0 0 0 0 0 0 0 0 0 0 0 0 0 0 0 0 0 0 0 0 0 0 0 0 0 0 0 0 0 0 0 0 0 0 0 0 0 0 0 0 0 0 0 0 0 0 0 0 0 0 0 0 0 0 -69.3026 2.94677 -5.95734 1.61779 -15.5208 -1.80172 0.889642 
0 0 0 0 0 0 0 0 0 0 0 0 0 0 0 0 0 0 0 0 0 0 0 0 0 0 0 0 0 0 0 0 0 0 0 0 0 0 0 0 0 0 0 0 0 0 0 0 0 0 0 0 0 0 0 0 0 0 -69.131 -12.0204 -11.4249 -8.75839 -2.26371 -3.83458 
0 0 0 0 0 0 0 0 0 0 0 0 0 0 0 0 0 0 0 0 0 0 0 0 0 0 0 0 0 0 0 0 0 0 0 0 0 0 0 0 0 0 0 0 0 0 0 0 0 0 0 0 0 0 0 0 0 0 0 66.3202 18.2598 0.152314 -3.08661 -9.93467 
0 0 0 0 0 0 0 0 0 0 0 0 0 0 0 0 0 0 0 0 0 0 0 0 0 0 0 0 0 0 0 0 0 0 0 0 0 0 0 0 0 0 0 0 0 0 0 0 0 0 0 0 0 0 0 0 0 0 0 0 -64.1731 -10.0401 -4.80426 1.89246 
0 0 0 0 0 0 0 0 0 0 0 0 0 0 0 0 0 0 0 0 0 0 0 0 0 0 0 0 0 0 0 0 0 0 0 0 0 0 0 0 0 0 0 0 0 0 0 0 0 0 0 0 0 0 0 0 0 0 0 0 0 68.669 -0.337285 -4.25739 
0 0 0 0 0 0 0 0 0 0 0 0 0 0 0 0 0 0 0 0 0 0 0 0 0 0 0 0 0 0 0 0 0 0 0 0 0 0 0 0 0 0 0 0 0 0 0 0 0 0 0 0 0 0 0 0 0 0 0 0 0 0 69.4669 6.39607 
0 0 0 0 0 0 0 0 0 0 0 0 0 0 0 0 0 0 0 0 0 0 0 0 0 0 0 0 0 0 0 0 0 0 0 0 0 0 0 0 0 0 0 0 0 0 0 0 0 0 0 0 0 0 0 0 0 0 0 0 0 0 0 58.0075 
