-233.484 -174.807 -179.505 -176.571 -176.48 -173.873 -184.415 -179.063 -170.325 -176.237 -172.672 -165.518 -171.53 -174.946 -178.608 -179.816 -170.424 -175.07 -170.15 -169.355 -169.532 -173.25 -174.991 -174.173 -172.423 -172.213 -180.6 -177.454 -175.019 -172.196 -174.644 -172.329 -160.336 -164.172 -172.094 -177.602 -183.949 -174.814 -172.849 -161.818 -184.468 -169.219 -179.327 -168.584 -180.685 -173.719 -183.859 -179.316 -178.228 -173.638 -159.642 -175.376 -175.244 -177.429 -173.679 -163.076 -181.578 -180.415 -171.541 -180.749 -179.058 -178.726 -172.932 -179.067 
0 -150.056 -57.871 -55.7316 -62.5454 -58.0898 -67.0904 -59.0924 -59.3269 -57.8018 -60.6573 -67.0904 -59.4731 -60.7965 -56.6661 -58.9157 -66.6132 -59.3986 -51.7524 -57.5846 -58.208 -59.5599 -52.9065 -61.3906 -63.945 -62.3705 -69.0673 -68.1841 -67.2642 -70.2493 -66.5164 -66.388 -57.3705 -58.7431 -61.5777 -63.5488 -65.8195 -62.5508 -61.8481 -57.9009 -66.0052 -60.5489 -64.1659 -60.322 -64.6517 -62.1593 -65.7875 -64.1621 -63.7726 -62.1302 -57.1223 -62.7522 -62.7049 -63.4869 -62.1448 -58.3509 -64.9712 -64.5551 -61.3798 -64.6746 -64.0694 -63.9509 -61.8775 -64.073 
0 0 139.739 45.9536 47.4198 44.0349 47.6743 45.3809 41.1697 47.097 47.1347 42.4777 40.9015 44.8722 47.697 46.7617 47.0401 51.074 44.6958 47.0781 43.7637 47.0696 43.3551 41.7033 48.068 52.8413 37.6514 40.4468 42.4574 48.4017 40.6589 41.5948 39.6685 40.6176 42.5775 43.9404 45.5105 43.2504 42.7645 40.0353 45.6389 41.8662 44.3671 41.7093 44.703 42.9797 45.4884 44.3645 44.0952 42.9596 39.4969 43.3896 43.357 43.8976 42.9697 40.3464 44.924 44.6362 42.4407 44.7188 44.3004 44.2185 42.7848 44.3029 
0 0 0 131.15 34.5406 25.1211 26.1533 29.0955 24.426 30.188 30.2541 34.9183 28.3713 30.5247 26.8772 22.5504 30.989 26.6008 30.2531 26.6996 23.4705 31.4524 35.7198 28.7528 30.8299 23.1275 22.257 27.2207 29.1965 31.461 31.3892 22.3265 26.4521 27.0849 28.3919 29.3007 30.3477 28.8406 28.5165 26.6966 30.4333 27.9175 29.5852 27.8129 29.8092 28.66 30.3329 29.5835 29.4039 28.6466 26.3376 28.9334 28.9116 29.2721 28.6534 26.9041 29.9565 29.7647 28.3006 29.8198 29.5407 29.4861 28.5301 29.5424 
0 0 0 0 129.366 19.6135 23.5894 26.752 27.707 25.7687 21.8088 22.2313 25.8087 23.9076 21.058 21.4437 27.5203 26.8545 23.1048 27.4881 24.1485 23.7819 20.3699 23.1154 23.3559 25.7589 31.3483 20.2818 18.8956 22.3742 22.9523 18.4624 22.7793 23.3243 24.4498 25.2324 26.134 24.8362 24.5571 22.9899 26.2077 24.0413 25.4774 23.9512 25.6703 24.6807 26.1213 25.4759 25.3213 24.6691 22.6807 24.9161 24.8973 25.2078 24.675 23.1686 25.7972 25.632 24.3712 25.6794 25.4391 25.3921 24.5688 25.4405 
0 0 0 0 0 125.489 20.3631 18.9776 22.8593 23.5699 16.7529 18.3003 19.7713 16.0871 23.3192 19.2375 24.7531 22.6151 12.434 23.2915 17.8979 19.1268 23.7108 21.9842 24.3719 15.1105 19.6656 15.3599 15.1053 19.3726 16.7934 20.4721 17.5233 17.9425 18.8083 19.4104 20.104 19.1056 18.8909 17.6853 20.1607 18.4941 19.5989 18.4248 19.7472 18.986 20.0942 19.5977 19.4788 18.9771 17.4475 19.1671 19.1526 19.3915 18.9816 17.8227 19.8449 19.7178 18.7479 19.7542 19.5694 19.5332 18.8999 19.5705 
0 0 0 0 0 0 -125.659 -13.3299 -20.2469 -15.6031 -25.2115 -13.6943 -9.94365 -12.1959 -15.4066 -16.9733 -16.5258 -15.8275 -23.4455 -11.5889 -20.0666 -12.7243 -14.9564 -16.1317 -19.7265 -15.6064 -14.3914 -18.7632 -19.7623 -10.8414 -16.351 -11.567 -14.044 -14.38 -15.0739 -15.5564 -16.1122 -15.3121 -15.14 -14.1738 -16.1577 -14.822 -15.7074 -14.7665 -15.8263 -15.2162 -16.1044 -15.7065 -15.6112 -15.2091 -13.9832 -15.3614 -15.3498 -15.5412 -15.2127 -14.284 -15.9046 -15.8027 -15.0254 -15.832 -15.6838 -15.6548 -15.1472 -15.6847 
0 0 0 0 0 0 0 -120.077 -12.8561 -12.2036 -15.3942 -14.7926 -11.2515 -15.8867 -12.7222 -13.5285 -6.61247 -14.4007 -16.8717 -20.4172 -19.287 -13.7144 -11.1072 -19.0974 -17.3786 -19.1471 -16.2147 -20.9503 -13.8432 -14.2441 -15.4275 -15.3863 -13.4314 -13.7527 -14.4163 -14.8778 -15.4094 -14.6442 -14.4796 -13.5555 -15.4529 -14.1755 -15.0223 -14.1223 -15.136 -14.5525 -15.4019 -15.0214 -14.9302 -14.5457 -13.3733 -14.6913 -14.6802 -14.8633 -14.5491 -13.6609 -15.2108 -15.1134 -14.37 -15.1413 -14.9997 -14.9719 -14.4865 -15.0005 
0 0 0 0 0 0 0 0 -118.385 -17.5785 -5.03704 -19.0843 -16.1944 -9.76641 -11.2242 -12.9893 -12.4319 -12.2506 -10.0031 -11.8229 -13.8865 -10.5843 -5.56173 -6.92217 -14.333 -11.0162 -13.9615 -15.4643 -19.2079 -12.7481 -14.8369 -7.09684 -11.8391 -12.1224 -12.7073 -13.1141 -13.5827 -12.9081 -12.7631 -11.9486 -13.621 -12.495 -13.2414 -12.4482 -13.3417 -12.8273 -13.5761 -13.2406 -13.1603 -12.8213 -11.7879 -12.9497 -12.9399 -13.1013 -12.8244 -12.0414 -13.4076 -13.3217 -12.6665 -13.3464 -13.2215 -13.1971 -12.7692 -13.2223 
0 0 0 0 0 0 0 0 0 118.374 19.4412 13.348 7.79737 12.8095 12.7471 5.3733 11.5668 9.05276 17.7767 14.2011 13.5035 9.67671 11.1163 6.62106 14.2822 9.76769 14.9371 9.3218 18.2018 14.6017 15.8238 9.30044 11.8451 12.1285 12.7137 13.1207 13.5895 12.9146 12.7695 11.9546 13.6278 12.5013 13.2481 12.4544 13.3484 12.8338 13.5829 13.2473 13.1669 12.8278 11.7938 12.9562 12.9465 13.1079 12.8308 12.0475 13.4144 13.3284 12.6729 13.3531 13.2282 13.2037 12.7756 13.2289 
0 0 0 0 0 0 0 0 0 0 117.466 16.211 2.90841 12.5819 10.1615 8.7301 7.66378 2.55026 1.56588 9.86261 7.45706 8.58428 13.1419 6.88097 5.59547 12.3934 11.2793 10.5835 6.55761 8.57962 5.29036 7.51493 8.50213 8.70554 9.12562 9.41772 9.75424 9.26983 9.16568 8.58073 9.78176 8.97315 9.50918 8.93952 9.58117 9.21181 9.7495 9.50861 9.4509 9.2075 8.46535 9.29967 9.29267 9.40855 9.20967 8.64742 9.62853 9.56686 9.09629 9.58456 9.49488 9.47732 9.17005 9.49541 
0 0 0 0 0 0 0 0 0 0 0 119.857 9.2628 4.74523 5.42056 5.82113 10.7437 16.7711 6.9968 12.2333 8.94551 10.961 8.53518 7.55942 6.58619 12.4636 9.4959 15.7681 10.8342 12.0896 13.3836 7.32997 9.44559 9.67157 10.1383 10.4628 10.8366 10.2985 10.1828 9.53291 10.8672 9.96887 10.5644 9.93151 10.6444 10.234 10.8314 10.5638 10.4996 10.2292 9.40472 10.3316 10.3239 10.4526 10.2316 9.60699 10.697 10.6285 10.1057 10.6481 10.5485 10.529 10.1876 10.5491 
0 0 0 0 0 0 0 0 0 0 0 0 117.821 6.33266 2.23655 5.27949 4.25568 12.4828 8.34303 3.52587 6.68251 11.6537 8.76247 10.5509 5.50175 15.878 8.01024 18.0725 7.92335 6.40985 9.40119 10.6346 8.87929 9.09172 9.53044 9.8355 10.1869 9.68105 9.57228 8.96138 10.2157 9.3712 9.93102 9.33608 10.0062 9.62045 10.182 9.93042 9.87015 9.61595 8.84088 9.71221 9.7049 9.82592 9.61821 9.03102 10.0557 9.99125 9.49981 10.0097 9.91608 9.89774 9.57683 9.91663 
0 0 0 0 0 0 0 0 0 0 0 0 0 -119.847 -8.66541 -10.437 -9.02456 -13.1319 -7.09167 -15.7324 -9.45152 -8.20028 -8.73752 -17.1103 -7.01775 -9.90166 -8.88623 -3.63329 -7.48866 -5.77916 -11.1148 -2.03197 -8.24203 -8.43921 -8.84644 -9.12961 -9.45583 -8.98624 -8.88528 -8.31822 -9.48251 -8.69863 -9.21827 -8.66604 -9.28805 -8.92999 -9.45124 -9.21772 -9.16177 -8.92581 -8.20637 -9.01517 -9.00838 -9.12072 -8.92792 -8.38287 -9.33396 -9.27418 -8.81801 -9.29134 -9.20441 -9.18739 -8.88951 -9.20492 
0 0 0 0 0 0 0 0 0 0 0 0 0 0 -124.772 -14.8741 -6.17778 -7.42456 -15.9344 -16.4593 -14.3337 -13.2691 -4.10635 -13.2354 -12.4975 -13.6777 -11.351 -15.4014 -9.70525 -11.6054 -15.4552 -11.5633 -9.32304 -9.54608 -10.0067 -10.327 -10.696 -10.1649 -10.0507 -9.40923 -10.7262 -9.83953 -10.4273 -9.80266 -10.5063 -10.1012 -10.6908 -10.4267 -10.3634 -10.0965 -9.2827 -10.1976 -10.1899 -10.317 -10.0989 -9.48235 -10.5582 -10.4906 -9.97456 -10.51 -10.4116 -10.3924 -10.0554 -10.4122 
0 0 0 0 0 0 0 0 0 0 0 0 0 0 0 118.586 10.5574 9.57374 1.12215 5.55732 13.1364 11.4624 6.66144 7.45712 5.13981 11.8873 3.61853 8.43627 11.0033 6.3555 13.2324 4.85176 6.65929 6.81861 7.14764 7.37643 7.64 7.26059 7.17902 6.72086 7.66156 7.02822 7.44806 7.00188 7.50445 7.21514 7.63629 7.44762 7.40241 7.21177 6.63048 7.28396 7.27848 7.36924 7.21347 6.77309 7.54154 7.49324 7.12466 7.5071 7.43686 7.42311 7.18243 7.43728 
0 0 0 0 0 0 0 0 0 0 0 0 0 0 0 0 116.87 3.33103 4.37571 8.16078 7.06801 0.727911 6.29714 8.59167 10.4684 21.7095 4.95684 2.36889 4.17286 6.7259 9.78169 -0.877117 6.24097 6.39028 6.69864 6.91306 7.16007 6.8045 6.72805 6.29867 7.18028 6.58672 6.98019 6.56203 7.03303 6.76191 7.1566 6.97977 6.93741 6.75874 6.21397 6.8264 6.82126 6.90632 6.76033 6.34762 7.0678 7.02253 6.67711 7.03552 6.9697 6.95681 6.73125 6.97008 
0 0 0 0 0 0 0 0 0 0 0 0 0 0 0 0 0 -114.069 -11.6471 -5.48957 -5.00249 -5.49592 -5.96776 -2.47413 -4.3196 -6.90639 -3.75777 -4.52887 0.107561 -5.26845 -0.160418 -7.87331 -5.74246 -5.87985 -6.16357 -6.36087 -6.58815 -6.26098 -6.19063 -5.79555 -6.60674 -6.06059 -6.42264 -6.03788 -6.47126 -6.22179 -6.58496 -6.42225 -6.38327 -6.21888 -5.71762 -6.28113 -6.2764 -6.35467 -6.22034 -5.84059 -6.50325 -6.46159 -6.14377 -6.47355 -6.41298 -6.40112 -6.19358 -6.41334 
0 0 0 0 0 0 0 0 0 0 0 0 0 0 0 0 0 0 -115.677 -6.30179 -9.24948 -7.87658 1.04143 -11.2173 -5.69669 -4.85896 -2.72194 -8.45731 -9.05728 -1.38945 -10.2306 -5.65235 -6.36021 -6.51237 -6.82662 -7.04514 -7.29688 -6.93451 -6.85659 -6.41901 -7.31746 -6.71256 -7.11356 -6.68741 -7.16741 -6.8911 -7.29333 -7.11313 -7.06996 -6.88787 -6.33269 -6.95683 -6.95159 -7.03828 -6.8895 -6.46889 -7.20284 -7.1567 -6.80468 -7.16994 -7.10286 -7.08972 -6.85986 -7.10325 
0 0 0 0 0 0 0 0 0 0 0 0 0 0 0 0 0 0 0 -118.24 -1.82292 -5.87419 -1.39808 -10.0189 -12.6289 -3.65024 -1.66755 -10.6128 -8.18178 -5.59495 -11.1598 -3.99869 -5.32078 -5.44808 -5.71097 -5.89378 -6.10437 -5.80123 -5.73605 -5.36997 -6.1216 -5.61555 -5.95101 -5.59451 -5.99606 -5.76491 -6.10141 -5.95066 -5.91454 -5.76221 -5.29776 -5.8199 -5.81552 -5.88804 -5.76357 -5.41171 -6.0257 -5.98711 -5.69262 -5.99819 -5.94206 -5.93108 -5.73878 -5.94239 
0 0 0 0 0 0 0 0 0 0 0 0 0 0 0 0 0 0 0 0 -117.051 -10.7799 -12.531 -3.83804 1.01656 -3.71928 -5.61015 -1.37625 -14.1824 -1.5538 -7.35637 -0.117515 -3.58147 -3.66716 -3.84411 -3.96716 -4.10891 -3.90486 -3.86099 -3.61458 -4.12051 -3.77988 -4.00569 -3.76572 -4.03601 -3.88042 -4.10692 -4.00544 -3.98113 -3.8786 -3.56598 -3.91743 -3.91448 -3.96329 -3.87952 -3.64267 -4.05596 -4.02998 -3.83176 -4.03744 -3.99966 -3.99226 -3.86283 -3.99988 
0 0 0 0 0 0 0 0 0 0 0 0 0 0 0 0 0 0 0 0 0 -118.67 -6.83643 -4.7987 -0.449015 4.48754 -0.163102 -0.385579 -4.05626 0.777647 -9.63872 -7.44403 -4.57485 -4.68431 -4.91034 -5.06752 -5.24859 -4.98794 -4.9319 -4.61715 -5.2634 -4.8283 -5.11673 -4.81021 -5.15547 -4.95672 -5.24605 -5.11643 -5.08537 -4.9544 -4.55506 -5.004 -5.00023 -5.06258 -4.95557 -4.65303 -5.18095 -5.14777 -4.89456 -5.15729 -5.10904 -5.09959 -4.93425 -5.10932 
0 0 0 0 0 0 0 0 0 0 0 0 0 0 0 0 0 0 0 0 0 0 -114.113 -8.58616 -2.56733 0.635275 -11.701 -5.1475 -5.11281 -2.78142 -6.47599 -10.2523 -3.99084 -4.08632 -4.28351 -4.42062 -4.57858 -4.3512 -4.30231 -4.02774 -4.59149 -4.21194 -4.46355 -4.19615 -4.49734 -4.32396 -4.57635 -4.46328 -4.43619 -4.32194 -3.97358 -4.3652 -4.36192 -4.41631 -4.32296 -4.05904 -4.51957 -4.49062 -4.26974 -4.49893 -4.45684 -4.44859 -4.30436 -4.45708 
0 0 0 0 0 0 0 0 0 0 0 0 0 0 0 0 0 0 0 0 0 0 0 -117.837 -7.34528 -13.0534 -6.11485 -4.6068 -8.32423 -1.67055 0.174705 -2.71608 -4.71885 -4.83174 -5.06489 -5.22702 -5.41379 -5.14494 -5.08713 -4.76247 -5.42907 -4.98027 -5.27778 -4.96161 -5.31773 -5.11273 -5.41116 -5.27746 -5.24543 -5.11034 -4.69843 -5.1615 -5.15761 -5.22193 -5.11154 -4.79948 -5.34402 -5.30979 -5.04862 -5.31962 -5.26984 -5.2601 -5.08955 -5.27014 
0 0 0 0 0 0 0 0 0 0 0 0 0 0 0 0 0 0 0 0 0 0 0 0 116.778 6.35635 5.29819 5.76268 5.36577 -0.992992 4.34005 5.7352 3.72661 3.81577 3.9999 4.12793 4.27543 4.06311 4.01746 3.76107 4.28749 3.93307 4.16802 3.91833 4.19957 4.03767 4.27336 4.16777 4.14247 4.03578 3.71049 4.07619 4.07312 4.12391 4.03674 3.79029 4.22033 4.1933 3.98704 4.20106 4.16175 4.15405 4.01937 4.16198 
0 0 0 0 0 0 0 0 0 0 0 0 0 0 0 0 0 0 0 0 0 0 0 0 0 114.863 10.0653 5.73899 0.0731827 10.4591 -0.352868 10.3813 2.81586 2.88322 3.02235 3.11909 3.23055 3.07011 3.03562 2.84189 3.23966 2.97185 3.14938 2.96072 3.17323 3.0509 3.22898 3.1492 3.13008 3.04947 2.80367 3.08 3.07768 3.11606 3.05019 2.86397 3.18891 3.16849 3.01264 3.17435 3.14465 3.13883 3.03706 3.14482 
0 0 0 0 0 0 0 0 0 0 0 0 0 0 0 0 0 0 0 0 0 0 0 0 0 0 -116.595 -8.91454 10.8357 -10.1369 -3.33451 -4.83133 -3.04872 -3.12166 -3.27229 -3.37704 -3.4977 -3.32401 -3.28666 -3.07691 -3.50757 -3.21762 -3.40983 -3.20556 -3.43564 -3.3032 -3.49601 -3.40963 -3.38893 -3.30165 -3.03553 -3.3347 -3.33219 -3.37375 -3.30243 -3.10082 -3.45263 -3.43051 -3.26178 -3.43686 -3.4047 -3.39841 -3.28822 -3.40489 
0 0 0 0 0 0 0 0 0 0 0 0 0 0 0 0 0 0 0 0 0 0 0 0 0 0 0 114.426 7.19369 3.72706 6.54807 5.51373 3.04005 3.11278 3.26298 3.36743 3.48775 3.31455 3.27731 3.06815 3.4976 3.20847 3.40013 3.19644 3.42587 3.2938 3.48606 3.39993 3.37929 3.29226 3.02689 3.32522 3.32271 3.36415 3.29304 3.092 3.44281 3.42075 3.2525 3.42708 3.39502 3.38874 3.27887 3.39521 
0 0 0 0 0 0 0 0 0 0 0 0 0 0 0 0 0 0 0 0 0 0 0 0 0 0 0 0 -110.971 -3.10761 5.44467 -2.85288 -3.26579 -3.34392 -3.50528 -3.61748 -3.74674 -3.56068 -3.52067 -3.29598 -3.75732 -3.44672 -3.65261 -3.4338 -3.68027 -3.53839 -3.74493 -3.6524 -3.63023 -3.53673 -3.25166 -3.57214 -3.56945 -3.61396 -3.53757 -3.3216 -3.69846 -3.67477 -3.49402 -3.68157 -3.64712 -3.64038 -3.52235 -3.64732 
0 0 0 0 0 0 0 0 0 0 0 0 0 0 0 0 0 0 0 0 0 0 0 0 0 0 0 0 0 -114.585 -6.34769 -5.45453 -2.37716 -2.43404 -2.55149 -2.63316 -2.72725 -2.59181 -2.56269 -2.39914 -2.73494 -2.50886 -2.65873 -2.49946 -2.67886 -2.57559 -2.72592 -2.65857 -2.64244 -2.57438 -2.36688 -2.60015 -2.5982 -2.6306 -2.57499 -2.41779 -2.6921 -2.67486 -2.54329 -2.67981 -2.65473 -2.64982 -2.56391 -2.65488 
0 0 0 0 0 0 0 0 0 0 0 0 0 0 0 0 0 0 0 0 0 0 0 0 0 0 0 0 0 0 -112.92 -0.252567 -4.28632 -4.38887 -4.60065 -4.74791 -4.91756 -4.67335 -4.62085 -4.32595 -4.93144 -4.52378 -4.79402 -4.50683 -4.83031 -4.6441 -4.91518 -4.79373 -4.76464 -4.64193 -4.26777 -4.68839 -4.68487 -4.74329 -4.64302 -4.35956 -4.85419 -4.8231 -4.58586 -4.83202 -4.78681 -4.77796 -4.62305 -4.78708 
0 0 0 0 0 0 0 0 0 0 0 0 0 0 0 0 0 0 0 0 0 0 0 0 0 0 0 0 0 0 0 115.976 3.97646 4.0716 4.26807 4.40469 4.56208 4.33552 4.28681 4.01323 4.57495 4.19676 4.44746 4.18103 4.48113 4.30838 4.55986 4.4472 4.42021 4.30637 3.95926 4.34948 4.3462 4.4004 4.30738 4.04442 4.50328 4.47444 4.25435 4.48272 4.44078 4.43256 4.28885 4.44102 
0 0 0 0 0 0 0 0 0 0 0 0 0 0 0 0 0 0 0 0 0 0 0 0 0 0 0 0 0 0 0 0 -116.576 -3.52719 -3.9517 1.50329 0.775327 3.59447 -3.823 6.06281 -23.599 -4.68536 1.30573 -7.06137 -14.3319 2.05998 -4.4155 0.868723 -4.70509 3.14622 1.19508 -5.82088 -18.3931 -0.710295 -4.31774 1.65972 8.88058 -17.2792 5.46234 -7.37408 -16.3547 -14.6253 4.65184 8.07271 
0 0 0 0 0 0 0 0 0 0 0 0 0 0 0 0 0 0 0 0 0 0 0 0 0 0 0 0 0 0 0 0 0 109.925 4.36132 4.92269 7.6035 -0.741744 0.396942 -21.1754 9.82465 7.80405 -5.63964 -0.308748 1.22131 15.4988 -13.8087 15.9123 0.730973 3.14777 -6.17273 4.35574 7.33169 3.86138 4.51656 -2.76338 9.14321 7.74413 4.90474 -11.2383 6.15437 -11.4842 -6.59063 13.2 
0 0 0 0 0 0 0 0 0 0 0 0 0 0 0 0 0 0 0 0 0 0 0 0 0 0 0 0 0 0 0 0 0 0 117.303 9.60583 3.2081 1.61624 3.4403 1.05881 -9.61058 9.87738 -6.15345 -1.31722 4.83136 13.0219 5.15561 -8.91702 -5.83114 8.2514 -4.88987 -5.76556 5.89689 -3.40939 10.8687 29.5029 -3.22152 14.2341 -1.23539 3.31641 -15.057 5.6076 -5.28643 5.48087 
0 0 0 0 0 0 0 0 0 0 0 0 0 0 0 0 0 0 0 0 0 0 0 0 0 0 0 0 0 0 0 0 0 0 0 -116.144 14.0384 -2.95005 -1.86627 -30.3032 -12.179 -3.87264 -9.40385 -25.9437 -10.6856 -5.0175 2.58039 -15.6844 -18.37 5.99215 -1.31365 -5.33 -18.5858 -5.66949 -23.4097 10.1196 -2.65677 12.8656 -1.39092 -9.61813 -3.9959 1.40057 -8.0625 5.96438 
0 0 0 0 0 0 0 0 0 0 0 0 0 0 0 0 0 0 0 0 0 0 0 0 0 0 0 0 0 0 0 0 0 0 0 0 -117.171 1.08328 -4.54446 -7.11476 -15.3497 11.7198 -0.681597 1.21469 6.51175 -6.0046 -20.5155 -2.95743 -1.19204 -12.3786 -13.2137 4.03231 -2.69022 -17.9039 -7.12763 -5.64123 -7.14515 -15.0398 -7.42231 -0.911237 -1.10301 -6.48603 -6.86299 5.53564 
0 0 0 0 0 0 0 0 0 0 0 0 0 0 0 0 0 0 0 0 0 0 0 0 0 0 0 0 0 0 0 0 0 0 0 0 0 116.078 -7.01025 0.652146 2.7204 0.8151 13.6724 6.66281 6.84005 9.15679 8.19969 18.1027 16.6849 17.4384 -6.52755 5.84499 -1.27254 3.38693 5.14428 9.03419 -4.85445 -2.3006 9.4577 2.97857 7.93949 17.2127 8.0348 5.84443 
0 0 0 0 0 0 0 0 0 0 0 0 0 0 0 0 0 0 0 0 0 0 0 0 0 0 0 0 0 0 0 0 0 0 0 0 0 0 120.742 -0.713423 5.42957 10.8035 6.53432 -8.12705 5.74583 0.125475 -2.17653 5.15006 15.8094 -7.01465 4.12969 11.7243 1.39317 11.4454 13.4555 3.79012 -5.296 -3.40224 6.718 -1.6473 12.9418 1.46699 -0.14073 3.96636 
0 0 0 0 0 0 0 0 0 0 0 0 0 0 0 0 0 0 0 0 0 0 0 0 0 0 0 0 0 0 0 0 0 0 0 0 0 0 0 109.804 8.5658 -1.58043 4.92649 -9.6233 -4.38968 0.138221 6.1882 7.53343 7.80023 2.10047 10.4084 2.83026 2.44321 12.0673 0.761798 -0.5482 -8.60534 2.4458 -4.79947 -3.78106 -2.84094 5.21677 -19.6392 9.9272 
0 0 0 0 0 0 0 0 0 0 0 0 0 0 0 0 0 0 0 0 0 0 0 0 0 0 0 0 0 0 0 0 0 0 0 0 0 0 0 0 113.438 13.4979 -2.80056 3.18376 -2.10959 8.41552 0.260563 14.811 -0.859535 -1.28688 1.59996 22.2538 20.6062 5.51876 6.44673 0.0694862 10.6107 0.357448 -3.39417 5.83519 7.08343 0.716554 13.3243 20.1321 
0 0 0 0 0 0 0 0 0 0 0 0 0 0 0 0 0 0 0 0 0 0 0 0 0 0 0 0 0 0 0 0 0 0 0 0 0 0 0 0 0 -114.582 1.88102 0.87963 -5.5689 10.7843 5.90781 1.60453 -4.37524 -8.48334 0.800076 -15.7816 -2.17868 6.56118 2.90174 2.77276 -8.06607 -17.3526 -9.64317 8.60526 -9.44209 -5.06373 -7.88955 -8.78374 
0 0 0 0 0 0 0 0 0 0 0 0 0 0 0 0 0 0 0 0 0 0 0 0 0 0 0 0 0 0 0 0 0 0 0 0 0 0 0 0 0 0 -108.321 -7.20517 3.44383 8.51312 0.143715 -17.8409 -12.5364 -10.3539 -0.413999 -10.364 1.4077 7.6365 7.22833 -4.71354 2.57946 -17.7536 -0.965871 -16.6804 6.06183 9.52728 7.27353 -7.4509 
0 0 0 0 0 0 0 0 0 0 0 0 0 0 0 0 0 0 0 0 0 0 0 0 0 0 0 0 0 0 0 0 0 0 0 0 0 0 0 0 0 0 0 108.623 2.61011 17.1329 8.61129 -15.3091 -8.36159 -4.47271 1.6919 6.00942 17.9102 1.96664 1.95892 2.60245 -2.90199 13.979 2.50074 1.59944 1.58457 -10.7563 4.01016 17.5389 
0 0 0 0 0 0 0 0 0 0 0 0 0 0 0 0 0 0 0 0 0 0 0 0 0 0 0 0 0 0 0 0 0 0 0 0 0 0 0 0 0 0 0 0 -111.361 -16.9517 -8.14758 -8.306 -20.2978 9.99494 -8.53365 3.31319 2.18456 -10.8663 -19.3595 7.75768 -2.69005 -4.54529 -18.0297 -20.4798 -6.75917 -4.67821 -2.0265 10.4518 
0 0 0 0 0 0 0 0 0 0 0 0 0 0 0 0 0 0 0 0 0 0 0 0 0 0 0 0 0 0 0 0 0 0 0 0 0 0 0 0 0 0 0 0 0 -109.364 -10.6157 4.86473 6.75146 -2.65735 -5.77901 10.0168 14.6415 -8.34419 -11.512 1.61633 -4.46439 -3.93784 4.67384 -0.0586524 2.74155 -3.69766 -12.1931 -3.22115 
0 0 0 0 0 0 0 0 0 0 0 0 0 0 0 0 0 0 0 0 0 0 0 0 0 0 0 0 0 0 0 0 0 0 0 0 0 0 0 0 0 0 0 0 0 0 -108.778 2.01373 7.93093 -5.73912 4.65586 5.10722 -5.32071 -10.1022 1.68081 8.85197 -1.44063 4.91967 4.94341 -0.796781 -9.36964 0.745844 -3.2275 5.69157 
0 0 0 0 0 0 0 0 0 0 0 0 0 0 0 0 0 0 0 0 0 0 0 0 0 0 0 0 0 0 0 0 0 0 0 0 0 0 0 0 0 0 0 0 0 0 0 -103.49 -3.19556 3.66114 13.4627 8.72439 0.844893 1.95987 2.68238 -1.55596 -7.84547 6.97204 -19.5847 -11.2144 -2.55822 -1.31508 -16.7469 6.2078 
0 0 0 0 0 0 0 0 0 0 0 0 0 0 0 0 0 0 0 0 0 0 0 0 0 0 0 0 0 0 0 0 0 0 0 0 0 0 0 0 0 0 0 0 0 0 0 0 113.713 9.58457 -16.0905 -16.9697 5.01164 1.1446 -10.5036 6.54907 1.54018 -2.53169 -9.04419 11.4857 2.92031 -8.64137 7.2272 13.3337 
0 0 0 0 0 0 0 0 0 0 0 0 0 0 0 0 0 0 0 0 0 0 0 0 0 0 0 0 0 0 0 0 0 0 0 0 0 0 0 0 0 0 0 0 0 0 0 0 0 -113.217 4.38799 -5.25974 -3.6097 9.26896 0.355906 -3.92448 -6.63719 -0.926858 2.86285 3.93842 8.68405 -1.59606 -3.62147 -4.14527 
0 0 0 0 0 0 0 0 0 0 0 0 0 0 0 0 0 0 0 0 0 0 0 0 0 0 0 0 0 0 0 0 0 0 0 0 0 0 0 0 0 0 0 0 0 0 0 0 0 0 106.675 10.2401 3.27479 -1.14141 0.86318 0.119336 2.92497 -14.9423 4.26243 -3.081 7.96956 3.92335 7.12647 8.15948 
0 0 0 0 0 0 0 0 0 0 0 0 0 0 0 0 0 0 0 0 0 0 0 0 0 0 0 0 0 0 0 0 0 0 0 0 0 0 0 0 0 0 0 0 0 0 0 0 0 0 0 108.446 2.59773 1.55018 -1.39858 5.39697 -7.39687 13.3273 0.500011 11.886 9.49137 -3.35349 -18.1067 -12.1294 
0 0 0 0 0 0 0 0 0 0 0 0 0 0 0 0 0 0 0 0 0 0 0 0 0 0 0 0 0 0 0 0 0 0 0 0 0 0 0 0 0 0 0 0 0 0 0 0 0 0 0 0 106.175 11.6837 0.614225 -5.8723 5.02881 -3.98048 9.08147 9.90225 14.7318 -1.38476 -5.83898 -0.356558 
0 0 0 0 0 0 0 0 0 0 0 0 0 0 0 0 0 0 0 0 0 0 0 0 0 0 0 0 0 0 0 0 0 0 0 0 0 0 0 0 0 0 0 0 0 0 0 0 0 0 0 0 0 -114.754 -1.48355 2.284 -13.8961 -0.539107 -2.11266 -2.96707 -9.2594 2.496 -0.179672 2.93713 
0 0 0 0 0 0 0 0 0 0 0 0 0 0 0 0 0 0 0 0 0 0 0 0 0 0 0 0 0 0 0 0 0 0 0 0 0 0 0 0 0 0 0 0 0 0 0 0 0 0 0 0 0 0 -115.225 -2.24371 -7.34506 -16.9747 -1.48007 2.44475 3.51783 5.34057 -6.20428 -5.5059 
0 0 0 0 0 0 0 0 0 0 0 0 0 0 0 0 0 0 0 0 0 0 0 0 0 0 0 0 0 0 0 0 0 0 0 0 0 0 0 0 0 0 0 0 0 0 0 0 0 0 0 0 0 0 0 112.939 1.48181 -10.6184 4.50431 -0.771058 -13.0948 3.15736 11.6414 16.2438 
0 0 0 0 0 0 0 0 0 0 0 0 0 0 0 0 0 0 0 0 0 0 0 0 0 0 0 0 0 0 0 0 0 0 0 0 0 0 0 0 0 0 0 0 0 0 0 0 0 0 0 0 0 0 0 0 -108.119 -14.3554 4.0144 -0.982501 1.85627 -9.62169 -12.2097 -8.84024 
0 0 0 0 0 0 0 0 0 0 0 0 0 0 0 0 0 0 0 0 0 0 0 0 0 0 0 0 0 0 0 0 0 0 0 0 0 0 0 0 0 0 0 0 0 0 0 0 0 0 0 0 0 0 0 0 0 -105.376 -2.95342 -10.0102 -4.8268 3.27756 12.1663 14.41 
0 0 0 0 0 0 0 0 0 0 0 0 0 0 0 0 0 0 0 0 0 0 0 0 0 0 0 0 0 0 0 0 0 0 0 0 0 0 0 0 0 0 0 0 0 0 0 0 0 0 0 0 0 0 0 0 0 0 118.185 4.65652 -8.84788 1.88393 1.61116 -12.0789 
0 0 0 0 0 0 0 0 0 0 0 0 0 0 0 0 0 0 0 0 0 0 0 0 0 0 0 0 0 0 0 0 0 0 0 0 0 0 0 0 0 0 0 0 0 0 0 0 0 0 0 0 0 0 0 0 0 0 0 109.83 -16.7329 -7.53311 3.76126 8.50049 
0 0 0 0 0 0 0 0 0 0 0 0 0 0 0 0 0 0 0 0 0 0 0 0 0 0 0 0 0 0 0 0 0 0 0 0 0 0 0 0 0 0 0 0 0 0 0 0 0 0 0 0 0 0 0 0 0 0 0 0 -101.831 -11.9776 -0.338455 8.96348 
0 0 0 0 0 0 0 0 0 0 0 0 0 0 0 0 0 0 0 0 0 0 0 0 0 0 0 0 0 0 0 0 0 0 0 0 0 0 0 0 0 0 0 0 0 0 0 0 0 0 0 0 0 0 0 0 0 0 0 0 0 -105.159 1.14587 -0.533708 
0 0 0 0 0 0 0 0 0 0 0 0 0 0 0 0 0 0 0 0 0 0 0 0 0 0 0 0 0 0 0 0 0 0 0 0 0 0 0 0 0 0 0 0 0 0 0 0 0 0 0 0 0 0 0 0 0 0 0 0 0 0 -106.444 -8.7183 
0 0 0 0 0 0 0 0 0 0 0 0 0 0 0 0 0 0 0 0 0 0 0 0 0 0 0 0 0 0 0 0 0 0 0 0 0 0 0 0 0 0 0 0 0 0 0 0 0 0 0 0 0 0 0 0 0 0 0 0 0 0 0 -99.9937 
