-330.196 -247.214 -253.859 -249.709 -249.58 -245.893 -260.803 -253.233 -240.877 -249.237 -244.194 -234.077 -242.581 -247.411 -252.59 -254.298 -229.462 -247.273 -253.683 -236.646 -250.094 -246.011 -250.601 -256.804 -248.807 -236.894 -249.378 -238.121 -255.968 -249.106 -252.992 -248.901 
0 212.212 81.8419 78.8164 88.4526 82.1514 94.8801 83.5692 83.9009 81.7441 85.7824 94.8802 84.1076 85.9792 80.138 83.3194 82.1047 88.4778 90.7715 84.6753 89.4873 88.0262 89.6689 91.8882 89.0267 84.7641 89.2311 85.2034 91.5889 89.1339 90.5241 89.0604 
0 0 -197.62 -64.9882 -67.0617 -62.2748 -67.4217 -64.1783 -58.2228 -66.6052 -66.6585 -60.0725 -57.8435 -63.4589 -67.4537 -66.1311 -56.7708 -61.1774 -62.7634 -58.5483 -61.8754 -60.8652 -62.001 -63.5356 -61.557 -58.6096 -61.6983 -58.9134 -63.3286 -61.6311 -62.5923 -61.5803 
0 0 0 -185.474 -48.8478 -35.5266 -36.9863 -41.1473 -34.5436 -42.6923 -42.7858 -49.3819 -40.1231 -43.1684 -38.01 -31.8911 -37.8564 -40.7948 -41.8524 -39.0416 -41.2602 -40.5866 -41.344 -42.3673 -41.0479 -39.0825 -41.1421 -39.2851 -42.2293 -41.0973 -41.7383 -41.0634 
0 0 0 0 -182.951 -27.7377 -33.3605 -37.833 -39.1837 -36.4425 -30.8422 -31.4398 -36.499 -33.8104 -29.7805 -30.3259 -32.6001 -35.1306 -36.0413 -33.6208 -35.5314 -34.9513 -35.6035 -36.4847 -35.3486 -33.656 -35.4297 -33.8305 -36.3659 -35.3911 -35.9431 -35.3619 
0 0 0 0 0 177.468 28.7978 26.8383 32.3279 33.3328 23.6922 25.8805 27.9609 22.7505 32.9783 27.2059 25.0781 27.0247 27.7253 25.8633 27.333 26.8868 27.3885 28.0664 27.1924 25.8904 27.2548 26.0246 27.975 27.2251 27.6497 27.2027 
0 0 0 0 0 0 177.709 18.8513 28.6334 22.0661 35.6544 19.3667 14.0624 17.2477 21.7883 24.0038 20.0988 21.6588 22.2203 20.728 21.906 21.5483 21.9504 22.4937 21.7932 20.7498 21.8432 20.8573 22.4204 21.8195 22.1598 21.8015 
0 0 0 0 0 0 0 -169.814 -18.1813 -17.2585 -21.7708 -20.9199 -15.9121 -22.4673 -17.9918 -19.1321 -19.222 -20.7141 -21.2511 -19.8238 -20.9504 -20.6083 -20.9929 -21.5125 -20.8426 -19.8446 -20.8904 -19.9475 -21.4424 -20.8677 -21.1931 -20.8505 
0 0 0 0 0 0 0 0 -167.421 -24.8597 -7.12345 -26.9893 -22.9024 -13.8118 -15.8734 -18.3696 -16.9433 -18.2585 -18.7318 -17.4738 -18.4668 -18.1653 -18.5043 -18.9623 -18.3718 -17.4921 -18.4139 -17.5828 -18.9005 -18.3939 -18.6808 -18.3787 
0 0 0 0 0 0 0 0 0 167.406 27.494 18.8769 11.0271 18.1154 18.0271 7.59899 16.9519 18.2677 18.7413 17.4826 18.4761 18.1744 18.5136 18.9718 18.381 17.5009 18.4232 17.5916 18.91 18.4031 18.6902 18.388 
0 0 0 0 0 0 0 0 0 0 -166.122 -22.9258 -4.11311 -17.7936 -14.3705 -12.3462 -12.1677 -13.1121 -13.4521 -12.5486 -13.2617 -13.0452 -13.2886 -13.6175 -13.1935 -12.5618 -13.2238 -12.6269 -13.5732 -13.2094 -13.4154 -13.1985 
0 0 0 0 0 0 0 0 0 0 0 -169.503 -13.0996 -6.71076 -7.66583 -8.23232 -13.5179 -14.5671 -14.9448 -13.9411 -14.7333 -14.4928 -14.7632 -15.1286 -14.6575 -13.9557 -14.6912 -14.028 -15.0794 -14.6752 -14.904 -14.6631 
0 0 0 0 0 0 0 0 0 0 0 0 166.624 8.95573 3.16295 7.46633 12.7074 13.6938 14.0488 13.1053 13.85 13.6239 13.8781 14.2216 13.7787 13.119 13.8104 13.187 14.1753 13.7953 14.0105 13.784 
0 0 0 0 0 0 0 0 0 0 0 0 0 169.489 12.2547 14.7601 11.7954 12.711 13.0405 12.1647 12.856 12.6461 12.8821 13.2009 12.7899 12.1775 12.8192 12.2406 13.1579 12.8052 13.005 12.7947 
0 0 0 0 0 0 0 0 0 0 0 0 0 0 176.454 21.0351 13.3425 14.3781 14.7509 13.7602 14.5422 14.3048 14.5717 14.9324 14.4673 13.7746 14.5006 13.846 14.8837 14.4848 14.7107 14.4728 
0 0 0 0 0 0 0 0 0 0 0 0 0 0 0 -167.706 -9.53031 -10.2701 -10.5363 -9.82869 -10.3872 -10.2176 -10.4083 -10.6659 -10.3338 -9.839 -10.3575 -9.88999 -10.6312 -10.3462 -10.5076 -10.3377 
0 0 0 0 0 0 0 0 0 0 0 0 0 0 0 0 -162.225 -10.3566 -2.95749 7.95143 -26.2896 -2.94854 -24.8337 -18.1547 -9.52966 -6.41744 -20.0473 -5.00712 -3.49789 7.07851 -8.50833 -9.67685 
0 0 0 0 0 0 0 0 0 0 0 0 0 0 0 0 0 167.443 8.6206 27.4036 -0.0724922 17.2351 11.1398 17.4564 -3.86728 3.89781 11.7548 6.05494 -6.04189 10.5766 -7.24341 -3.47469 
0 0 0 0 0 0 0 0 0 0 0 0 0 0 0 0 0 0 -168.006 -7.59278 -15.0462 -8.05703 -4.82918 -30.1265 -15.8212 -16.0498 -6.35384 -13.9878 -7.82764 -11.1248 -16.7122 -12.0986 
0 0 0 0 0 0 0 0 0 0 0 0 0 0 0 0 0 0 0 167.511 8.14981 3.77987 7.32889 5.82135 16.3224 7.51919 13.827 11.974 -0.113608 6.20746 18.6745 7.83248 
0 0 0 0 0 0 0 0 0 0 0 0 0 0 0 0 0 0 0 0 -166.667 -3.04361 4.75791 -1.52876 -8.92783 -16.9922 -13.81 -9.11718 -22.2348 3.59695 -13.2872 -18.5327 
0 0 0 0 0 0 0 0 0 0 0 0 0 0 0 0 0 0 0 0 0 -159.203 -13.8993 4.82644 -12.7118 -8.1179 -1.85429 0.0674544 -10.2193 -8.38874 6.15846 -9.83815 
0 0 0 0 0 0 0 0 0 0 0 0 0 0 0 0 0 0 0 0 0 0 -161.372 -3.57834 -19.0508 0.377094 -10.8532 -19.6839 -9.31914 -18.093 -13.0077 -9.12656 
0 0 0 0 0 0 0 0 0 0 0 0 0 0 0 0 0 0 0 0 0 0 0 157.015 -4.70576 -0.997389 3.98644 0.85464 -1.45665 9.84878 7.92331 2.99001 
0 0 0 0 0 0 0 0 0 0 0 0 0 0 0 0 0 0 0 0 0 0 0 0 -167.593 6.72298 1.73973 -3.45981 -4.50494 3.56957 -6.79265 -9.57872 
0 0 0 0 0 0 0 0 0 0 0 0 0 0 0 0 0 0 0 0 0 0 0 0 0 161.326 2.22833 6.8378 13.2465 13.0312 4.79974 0.248949 
0 0 0 0 0 0 0 0 0 0 0 0 0 0 0 0 0 0 0 0 0 0 0 0 0 0 -165.048 0.228819 -5.49498 -11.5313 -12.79 5.06706 
0 0 0 0 0 0 0 0 0 0 0 0 0 0 0 0 0 0 0 0 0 0 0 0 0 0 0 -170.208 -3.88438 -3.68882 -2.03139 -19.7 
0 0 0 0 0 0 0 0 0 0 0 0 0 0 0 0 0 0 0 0 0 0 0 0 0 0 0 0 162.732 10 -1.71389 5.43598 
0 0 0 0 0 0 0 0 0 0 0 0 0 0 0 0 0 0 0 0 0 0 0 0 0 0 0 0 0 169.46 -7.06039 8.01249 
0 0 0 0 0 0 0 0 0 0 0 0 0 0 0 0 0 0 0 0 0 0 0 0 0 0 0 0 0 0 156.182 -3.16527 
0 0 0 0 0 0 0 0 0 0 0 0 0 0 0 0 0 0 0 0 0 0 0 0 0 0 0 0 0 0 0 160.927 
