-466.968 -349.613 -359.01 -353.142 -352.96 -347.746 -368.831 -358.125 -340.651 -352.475 -345.343 -331.035 -343.061 -349.893 -357.217 -359.631 -340.848 -350.14 -340.301 -338.711 -339.065 -346.499 -349.982 -348.346 -344.845 -344.426 -361.2 -354.908 -350.037 -344.392 -349.289 -344.657 -337.102 -346.715 -350.799 -358.79 -343.442 -344.714 -357.141 -354.892 -348.179 -347.21 -350.372 -349.027 -355.054 -345.95 -337.712 -353.035 -359.305 -351.445 -346.137 -349.622 -348.198 -348.817 -337.683 -351.953 -346.833 -348.486 -338.561 -352.06 -346.332 -357.667 -341.747 -351.77 
0 -300.113 -115.742 -111.463 -125.091 -116.18 -134.181 -118.185 -118.654 -115.604 -121.315 -134.181 -118.946 -121.593 -113.332 -117.831 -133.226 -118.797 -103.505 -115.169 -116.416 -119.12 -105.813 -122.781 -127.89 -124.741 -138.135 -136.368 -134.528 -140.499 -133.033 -132.776 -120.62 -124.06 -125.521 -128.38 -122.889 -123.344 -127.79 -126.985 -124.583 -124.237 -125.368 -124.887 -127.044 -123.786 -120.838 -126.321 -128.565 -125.752 -123.853 -125.1 -124.59 -124.812 -120.828 -125.934 -124.102 -124.693 -121.142 -125.972 -123.923 -127.979 -122.282 -125.868 
0 0 279.477 91.9072 94.8396 88.0699 95.3486 90.7618 82.3395 94.1939 94.2693 84.9554 81.8031 89.7444 95.3939 93.5234 94.0801 102.148 89.3916 94.1563 87.5274 94.1392 86.7103 83.4065 96.136 105.683 75.3028 80.8937 84.9148 96.8033 81.3178 83.1897 83.402 85.7803 86.7907 88.7678 84.9706 85.2853 88.3599 87.8033 86.1425 85.9029 86.6851 86.3525 87.8436 85.5912 83.553 87.3439 88.8953 86.9506 85.6372 86.4996 86.1473 86.3004 83.5459 87.0763 85.8094 86.2185 83.763 87.1028 85.6857 88.49 84.5512 87.031 
0 0 0 262.3 69.0812 50.2422 52.3065 58.1911 48.852 60.376 60.5082 69.8365 56.7427 61.0494 53.7543 45.1009 61.978 53.2016 60.5062 53.3992 46.9409 62.9048 71.4396 57.5056 61.6597 46.255 44.5139 54.4413 58.3929 62.922 62.7785 44.6531 55.6148 57.2007 57.8745 59.1928 56.6608 56.8706 58.9208 58.5497 57.4422 57.2824 57.804 57.5822 58.5765 57.0746 55.7154 58.2433 59.2778 57.9811 57.1053 57.6803 57.4454 57.5475 55.7107 58.0649 57.2201 57.4929 55.8555 58.0825 57.1376 59.0076 56.3811 58.0347 
0 0 0 0 258.732 39.227 47.1788 53.504 55.4141 51.5374 43.6175 44.4626 51.6174 47.8151 42.116 42.8873 55.0406 53.7091 46.2096 54.9763 48.297 47.5637 40.7399 46.2308 46.7118 51.5177 62.6966 40.5636 37.7912 44.7483 45.9046 36.9247 47.8929 49.2586 49.8388 50.9741 48.7936 48.9743 50.7399 50.4203 49.4666 49.329 49.7782 49.5871 50.4434 49.15 47.9795 50.1565 51.0473 49.9306 49.1764 49.6716 49.4693 49.5572 47.9755 50.0028 49.2753 49.5102 48.1002 50.018 49.2042 50.8146 48.5528 49.9768 
0 0 0 0 0 250.977 40.7262 37.9551 45.7185 47.1397 33.5059 36.6005 39.5426 32.1741 46.6384 38.475 49.5063 45.2303 24.8681 46.583 35.7959 38.2535 47.4216 43.9684 48.7438 30.2211 39.3311 30.7198 30.2107 38.7452 33.5868 40.9442 36.8423 37.8929 38.3392 39.2126 37.5352 37.6742 39.0324 38.7865 38.0529 37.947 38.2926 38.1456 38.8043 37.8093 36.909 38.5836 39.2689 38.4099 37.8297 38.2106 38.055 38.1226 36.9058 38.4654 37.9057 38.0864 37.0017 38.4771 37.8511 39.0898 37.3499 38.4453 
0 0 0 0 0 0 -251.319 -26.6598 -40.4937 -31.2061 -50.423 -27.3886 -19.8873 -24.3919 -30.8133 -33.9465 -33.0515 -31.655 -46.8909 -23.1777 -40.1331 -25.4485 -29.9127 -32.2633 -39.4531 -31.2129 -28.7829 -37.5264 -39.5246 -21.6829 -32.702 -23.134 -29.5271 -30.3691 -30.7268 -31.4267 -30.0824 -30.1938 -31.2823 -31.0853 -30.4973 -30.4125 -30.6894 -30.5716 -31.0995 -30.3021 -29.5805 -30.9226 -31.4719 -30.7834 -30.3184 -30.6237 -30.499 -30.5532 -29.578 -30.8279 -30.3794 -30.5242 -29.6549 -30.8373 -30.3356 -31.3284 -29.9339 -30.8119 
0 0 0 0 0 0 0 -240.154 -25.7122 -24.4073 -30.7885 -29.5853 -22.5031 -31.7735 -25.4443 -27.0569 -13.2249 -28.8015 -33.7435 -40.8344 -38.5741 -27.4289 -22.2144 -38.1947 -34.7572 -38.2943 -32.4294 -41.9006 -27.6863 -28.4881 -30.855 -30.7726 -28.2391 -29.0444 -29.3865 -30.0559 -28.7702 -28.8767 -29.9178 -29.7293 -29.167 -29.0859 -29.3507 -29.2381 -29.7429 -28.9803 -28.2902 -29.5738 -30.0991 -29.4406 -28.9959 -29.2879 -29.1686 -29.2205 -28.2878 -29.4832 -29.0542 -29.1927 -28.3613 -29.4921 -29.0123 -29.9618 -28.6282 -29.4678 
0 0 0 0 0 0 0 0 -236.77 -35.157 -10.0741 -38.1687 -32.3888 -19.5328 -22.4483 -25.9786 -24.8638 -24.5012 -20.0063 -23.6458 -27.7729 -21.1686 -11.1235 -13.8443 -28.6659 -22.0323 -27.923 -30.9286 -38.4157 -25.4963 -29.6738 -14.1937 -24.8914 -25.6013 -25.9028 -26.4929 -25.3596 -25.4535 -26.3711 -26.205 -25.7093 -25.6378 -25.8713 -25.772 -26.217 -25.5448 -24.9365 -26.0679 -26.5309 -25.9505 -25.5586 -25.8159 -25.7108 -25.7565 -24.9344 -25.988 -25.6099 -25.732 -24.9992 -25.9959 -25.573 -26.41 -25.2344 -25.9745 
0 0 0 0 0 0 0 0 0 236.748 38.8824 26.696 15.5947 25.6191 25.4941 10.7466 23.1337 18.1055 35.5534 28.4023 27.0071 19.3534 22.2326 13.2421 28.5645 19.5354 29.8742 18.6436 36.4037 29.2035 31.6475 18.6009 24.904 25.6141 25.9158 26.5062 25.3724 25.4663 26.3844 26.2182 25.7223 25.6507 25.8843 25.785 26.2302 25.5577 24.949 26.081 26.5443 25.9636 25.5714 25.8289 25.7237 25.7694 24.9469 26.0011 25.6228 25.745 25.0118 26.009 25.5859 26.4232 25.2471 25.9876 
0 0 0 0 0 0 0 0 0 0 234.931 32.422 5.81682 25.1639 20.323 17.4602 15.3276 5.10053 3.13176 19.7252 14.9141 17.1686 26.2838 13.7619 11.1909 24.7868 22.5587 21.1671 13.1152 17.1592 10.5807 15.0299 17.8755 18.3852 18.6018 19.0255 18.2117 18.2792 18.9381 18.8188 18.4629 18.4115 18.5792 18.5079 18.8275 18.3447 17.9079 18.7204 19.0529 18.6361 18.3546 18.5394 18.4639 18.4967 17.9063 18.663 18.3915 18.4792 17.9529 18.6687 18.365 18.966 18.1218 18.6533 
0 0 0 0 0 0 0 0 0 0 0 239.713 18.5256 9.49045 10.8411 11.6423 21.4874 33.5422 13.9936 24.4666 17.891 21.9221 17.0704 15.1188 13.1724 24.9271 18.9918 31.5362 21.6683 24.1791 26.7673 14.6599 19.8591 20.4254 20.666 21.1368 20.2326 20.3075 21.0396 20.9071 20.5116 20.4546 20.6408 20.5616 20.9167 20.3804 19.895 20.7977 21.1671 20.7041 20.3913 20.5967 20.5128 20.5492 19.8933 20.734 20.4323 20.5297 19.9451 20.7403 20.4029 21.0706 20.1327 20.7232 
0 0 0 0 0 0 0 0 0 0 0 0 235.642 12.6653 4.47309 10.559 8.51137 24.9656 16.6861 7.05174 13.365 23.3075 17.5249 21.1017 11.0035 31.756 16.0205 36.1449 15.8467 12.8197 18.8024 21.2692 18.6685 19.2008 19.427 19.8695 19.0196 19.09 19.7782 19.6536 19.2819 19.2283 19.4034 19.3289 19.6627 19.1585 18.7023 19.5508 19.8981 19.4628 19.1688 19.3618 19.283 19.3172 18.7007 19.4909 19.2073 19.2989 18.7493 19.4968 19.1796 19.8074 18.9257 19.4808 
0 0 0 0 0 0 0 0 0 0 0 0 0 -239.693 -17.3308 -20.8739 -18.0491 -26.2638 -14.1833 -31.4648 -18.903 -16.4006 -17.475 -34.2206 -14.0355 -19.8033 -17.7725 -7.26659 -14.9773 -11.5583 -22.2296 -4.06394 -17.3286 -17.8228 -18.0327 -18.4435 -17.6546 -17.7199 -18.3587 -18.2431 -17.898 -17.8483 -18.0108 -17.9417 -18.2515 -17.7835 -17.36 -18.1477 -18.47 -18.066 -17.7931 -17.9722 -17.899 -17.9309 -17.3585 -18.0921 -17.8288 -17.9138 -17.4036 -18.0976 -17.8031 -18.3858 -17.5674 -18.0826 
0 0 0 0 0 0 0 0 0 0 0 0 0 0 -249.544 -29.7481 -12.3556 -14.8491 -31.8689 -32.9185 -28.6674 -26.5381 -8.2127 -26.4708 -24.9951 -27.3554 -22.702 -30.8029 -19.4105 -23.2108 -30.9104 -23.1266 -19.6014 -20.1604 -20.3979 -20.8625 -19.9701 -20.0441 -20.7666 -20.6358 -20.2455 -20.1892 -20.373 -20.2949 -20.6453 -20.1159 -19.6369 -20.5279 -20.8925 -20.4354 -20.1268 -20.3294 -20.2466 -20.2826 -19.6352 -20.465 -20.1672 -20.2634 -19.6863 -20.4712 -20.1381 -20.7972 -19.8715 -20.4543 
0 0 0 0 0 0 0 0 0 0 0 0 0 0 0 237.172 21.1148 19.1475 2.2443 11.1146 26.2728 22.9249 13.3229 14.9142 10.2796 23.7746 7.23706 16.8725 22.0065 12.711 26.4648 9.70352 14.001 14.4002 14.5699 14.9018 14.2643 14.3171 14.8333 14.7398 14.461 14.4208 14.5521 14.4963 14.7466 14.3685 14.0263 14.6627 14.9232 14.5967 14.3762 14.521 14.4618 14.4875 14.0251 14.6178 14.4051 14.4738 14.0616 14.6222 14.3843 14.8551 14.1939 14.6102 
0 0 0 0 0 0 0 0 0 0 0 0 0 0 0 0 233.74 6.66205 8.75141 16.3216 14.136 1.45582 12.5943 17.1833 20.9368 43.419 9.91368 4.73778 8.34573 13.4518 19.5634 -1.75423 13.1215 13.4956 13.6546 13.9657 13.3683 13.4178 13.9015 13.8139 13.5526 13.5149 13.638 13.5857 13.8203 13.4659 13.1452 13.7416 13.9857 13.6798 13.4731 13.6088 13.5534 13.5775 13.1441 13.6995 13.5002 13.5646 13.1783 13.7037 13.4808 13.922 13.3023 13.6924 
0 0 0 0 0 0 0 0 0 0 0 0 0 0 0 0 0 -228.139 -23.2942 -10.9791 -10.005 -10.9918 -11.9355 -4.94826 -8.6392 -13.8128 -7.51553 -9.05773 0.215121 -10.5369 -0.320836 -15.7466 -12.0734 -12.4177 -12.5639 -12.8501 -12.3005 -12.346 -12.7911 -12.7105 -12.4701 -12.4354 -12.5486 -12.5005 -12.7163 -12.3903 -12.0952 -12.644 -12.8686 -12.5871 -12.3969 -12.5218 -12.4708 -12.493 -12.0942 -12.6053 -12.4219 -12.4811 -12.1256 -12.6091 -12.404 -12.8099 -12.2397 -12.5987 
0 0 0 0 0 0 0 0 0 0 0 0 0 0 0 0 0 0 -231.355 -12.6036 -18.499 -15.7532 2.08286 -22.4347 -11.3934 -9.71791 -5.44389 -16.9146 -18.1146 -2.77889 -20.4613 -11.3047 -13.3722 -13.7535 -13.9155 -14.2325 -13.6237 -13.6741 -14.1671 -14.0778 -13.8116 -13.7732 -13.8986 -13.8452 -14.0843 -13.7232 -13.3964 -14.0042 -14.2529 -13.9411 -13.7306 -13.8688 -13.8123 -13.8369 -13.3952 -13.9613 -13.7582 -13.8238 -13.43 -13.9655 -13.7383 -14.1879 -13.5564 -13.954 
0 0 0 0 0 0 0 0 0 0 0 0 0 0 0 0 0 0 0 -236.48 -3.64584 -11.7484 -2.79615 -20.0378 -25.2577 -7.30048 -3.3351 -21.2256 -16.3636 -11.1899 -22.3197 -7.99739 -11.1868 -11.5058 -11.6413 -11.9065 -11.3972 -11.4394 -11.8518 -11.7772 -11.5544 -11.5223 -11.6272 -11.5826 -11.7826 -11.4804 -11.2071 -11.7155 -11.9236 -11.6628 -11.4866 -11.6023 -11.555 -11.5756 -11.2061 -11.6796 -11.5097 -11.5646 -11.2352 -11.6832 -11.4931 -11.8693 -11.3409 -11.6736 
0 0 0 0 0 0 0 0 0 0 0 0 0 0 0 0 0 0 0 0 -234.102 -21.5597 -25.0619 -7.67608 2.03311 -7.43857 -11.2203 -2.75249 -28.3648 -3.1076 -14.7127 -0.23503 -7.52995 -7.74467 -7.8359 -8.0144 -7.67157 -7.69998 -7.97757 -7.92732 -7.77737 -7.75574 -7.82636 -7.79633 -7.93095 -7.7276 -7.54358 -7.88584 -8.02591 -7.85034 -7.73176 -7.80961 -7.7778 -7.79163 -7.54294 -7.86168 -7.7473 -7.78424 -7.56254 -7.86407 -7.73613 -7.98932 -7.6337 -7.85759 
0 0 0 0 0 0 0 0 0 0 0 0 0 0 0 0 0 0 0 0 0 -237.339 -13.6729 -9.59741 -0.89803 8.97508 -0.326204 -0.771158 -8.11251 1.55529 -19.2774 -14.8881 -9.61851 -9.89279 -10.0093 -10.2373 -9.79942 -9.83571 -10.1903 -10.1261 -9.93456 -9.90693 -9.99714 -9.95878 -10.1307 -9.87098 -9.63592 -10.0731 -10.252 -10.0278 -9.87629 -9.97574 -9.93512 -9.95278 -9.6351 -10.0423 -9.89615 -9.94333 -9.66014 -10.0453 -9.88188 -10.2053 -9.75104 -10.037 
0 0 0 0 0 0 0 0 0 0 0 0 0 0 0 0 0 0 0 0 0 0 -228.226 -17.1723 -5.13466 1.27055 -23.402 -10.295 -10.2256 -5.56284 -12.952 -20.5047 -8.39064 -8.62991 -8.73157 -8.93047 -8.54846 -8.58011 -8.88943 -8.83344 -8.66635 -8.64225 -8.72094 -8.68748 -8.83749 -8.61089 -8.40583 -8.78722 -8.9433 -8.74765 -8.61552 -8.70227 -8.66683 -8.68224 -8.40512 -8.7603 -8.63284 -8.674 -8.42696 -8.76296 -8.62039 -8.90252 -8.50626 -8.75574 
0 0 0 0 0 0 0 0 0 0 0 0 0 0 0 0 0 0 0 0 0 0 0 -235.673 -14.6906 -26.1068 -12.2297 -9.21359 -16.6485 -3.3411 0.349409 -5.43216 -9.92125 -10.2042 -10.3244 -10.5595 -10.1078 -10.1453 -10.511 -10.4448 -10.2473 -10.2188 -10.3118 -10.2722 -10.4496 -10.1817 -9.93921 -10.3902 -10.5747 -10.3434 -10.1871 -10.2897 -10.2478 -10.266 -9.93836 -10.3583 -10.2076 -10.2563 -9.96419 -10.3615 -10.1929 -10.5265 -10.058 -10.3529 
0 0 0 0 0 0 0 0 0 0 0 0 0 0 0 0 0 0 0 0 0 0 0 0 233.555 12.7127 10.5964 11.5254 10.7315 -1.98598 8.68011 11.4704 7.8351 8.05853 8.15345 8.33918 7.98247 8.01203 8.30086 8.24858 8.09256 8.07005 8.14353 8.11228 8.25236 8.04076 7.84929 8.20542 8.35117 8.16848 8.04509 8.1261 8.09301 8.10739 7.84862 8.18028 8.06127 8.0997 7.86902 8.18277 8.04964 8.31309 7.94306 8.17602 
0 0 0 0 0 0 0 0 0 0 0 0 0 0 0 0 0 0 0 0 0 0 0 0 0 229.726 20.1307 11.478 0.146365 20.9181 -0.705736 20.7626 5.92026 6.08908 6.16081 6.30115 6.03161 6.05395 6.27219 6.23269 6.11479 6.09779 6.15331 6.1297 6.23554 6.07566 5.93098 6.20007 6.3102 6.17216 6.07893 6.14014 6.11513 6.126 5.93047 6.18108 6.09115 6.12019 5.94589 6.18296 6.08237 6.28143 6.00183 6.17786 
0 0 0 0 0 0 0 0 0 0 0 0 0 0 0 0 0 0 0 0 0 0 0 0 0 0 -233.19 -17.8291 21.6714 -20.2738 -6.66901 -9.66267 -6.40985 -6.59264 -6.67029 -6.82224 -6.53041 -6.55459 -6.79089 -6.74811 -6.62047 -6.60206 -6.66218 -6.63661 -6.75121 -6.5781 -6.42146 -6.71281 -6.83204 -6.68258 -6.58164 -6.64792 -6.62084 -6.63261 -6.42091 -6.69224 -6.59488 -6.62632 -6.4376 -6.69428 -6.58536 -6.80089 -6.49817 -6.68876 
0 0 0 0 0 0 0 0 0 0 0 0 0 0 0 0 0 0 0 0 0 0 0 0 0 0 0 228.851 14.3874 7.45411 13.0961 11.0275 6.39162 6.57388 6.65132 6.80283 6.51183 6.53595 6.77157 6.72892 6.60164 6.58328 6.64322 6.61773 6.732 6.55939 6.40319 6.69371 6.8126 6.66357 6.56292 6.629 6.60201 6.61374 6.40264 6.6732 6.57611 6.60747 6.41928 6.67523 6.56663 6.78154 6.47969 6.66973 
0 0 0 0 0 0 0 0 0 0 0 0 0 0 0 0 0 0 0 0 0 0 0 0 0 0 0 0 -221.941 -6.21522 10.8893 -5.70575 -6.86624 -7.06204 -7.14522 -7.30799 -6.99538 -7.02129 -7.27441 -7.22859 -7.09186 -7.07213 -7.13653 -7.10914 -7.2319 -7.04647 -6.87867 -7.19076 -7.31849 -7.15839 -7.05026 -7.12125 -7.09225 -7.10486 -6.87808 -7.16873 -7.06444 -7.09812 -6.89596 -7.17091 -7.05425 -7.28512 -6.96085 -7.165 
0 0 0 0 0 0 0 0 0 0 0 0 0 0 0 0 0 0 0 0 0 0 0 0 0 0 0 0 0 -229.171 -12.6954 -10.9091 -4.99792 -5.14045 -5.201 -5.31947 -5.09192 -5.11078 -5.29503 -5.26167 -5.16215 -5.14779 -5.19467 -5.17473 -5.26409 -5.12911 -5.00697 -5.23414 -5.32711 -5.21058 -5.13187 -5.18355 -5.16244 -5.17161 -5.00654 -5.21811 -5.14219 -5.16671 -5.01956 -5.21969 -5.13477 -5.30282 -5.06679 -5.21539 
0 0 0 0 0 0 0 0 0 0 0 0 0 0 0 0 0 0 0 0 0 0 0 0 0 0 0 0 0 0 -225.841 -0.505133 -9.01187 -9.26885 -9.37803 -9.59166 -9.18137 -9.21537 -9.54758 -9.48745 -9.30799 -9.2821 -9.36662 -9.33068 -9.4918 -9.24842 -9.02818 -9.4378 -9.60544 -9.39531 -9.2534 -9.34657 -9.30851 -9.32505 -9.02742 -9.40889 -9.272 -9.31621 -9.05088 -9.41175 -9.25863 -9.56164 -9.13604 -9.40399 
0 0 0 0 0 0 0 0 0 0 0 0 0 0 0 0 0 0 0 0 0 0 0 0 0 0 0 0 0 0 0 231.952 8.36041 8.59882 8.7001 8.89829 8.51765 8.5492 8.8574 8.80161 8.63512 8.61111 8.68952 8.65617 8.80564 8.57986 8.37554 8.75555 8.91107 8.71613 8.58448 8.67092 8.6356 8.65095 8.37483 8.72873 8.60174 8.64275 8.3966 8.73138 8.58933 8.87044 8.47561 8.72419 
0 0 0 0 0 0 0 0 0 0 0 0 0 0 0 0 0 0 0 0 0 0 0 0 0 0 0 0 0 0 0 0 -230.922 -14.768 -24.8494 -25.0435 -3.29674 -12.1972 -3.31238 2.42821 -22.6958 -10.0045 -2.32885 -11.6661 11.8661 -1.27757 -25.2218 -7.98102 -10.5751 2.4947 -6.42988 10.5436 -1.59699 -20.8457 -11.0194 -15.7022 -8.05982 -12.7094 -10.7856 -3.88501 -8.91537 -9.31955 -16.5306 -9.28995 
0 0 0 0 0 0 0 0 0 0 0 0 0 0 0 0 0 0 0 0 0 0 0 0 0 0 0 0 0 0 0 0 0 236.202 8.42603 2.59122 11.7132 8.46278 5.53967 11.1364 6.29929 -0.84803 10.0602 2.14532 3.2456 3.60103 5.00467 -1.06823 5.73321 6.68701 6.05227 5.79892 21.8258 6.22853 5.9256 9.44762 19.5073 4.05027 11.4096 13.9148 1.81009 -8.59109 9.03398 24.4412 
0 0 0 0 0 0 0 0 0 0 0 0 0 0 0 0 0 0 0 0 0 0 0 0 0 0 0 0 0 0 0 0 0 0 228.848 -10.0483 9.2912 6.80766 17.1476 13.4078 11.444 5.53846 16.8046 7.3242 -2.95439 11.1657 16.7002 10.8778 13.8543 5.02931 0.448602 15.4585 8.18116 4.35727 0.894877 -2.28469 3.72845 14.6263 6.70355 12.5761 1.3363 -4.02539 12.9264 10.3039 
0 0 0 0 0 0 0 0 0 0 0 0 0 0 0 0 0 0 0 0 0 0 0 0 0 0 0 0 0 0 0 0 0 0 0 -226.082 -11.5745 -7.14213 -9.3947 -8.64114 -14.5059 -1.91212 -11.1722 -16.2953 -14.4821 -17.3973 -11.2762 -9.50072 -6.47285 -8.603 -5.16621 7.01703 -8.86908 -15.218 -9.12706 -19.2772 4.9755 0.466879 -11.345 3.7939 6.46822 -9.29522 11.5917 -1.56396 
0 0 0 0 0 0 0 0 0 0 0 0 0 0 0 0 0 0 0 0 0 0 0 0 0 0 0 0 0 0 0 0 0 0 0 0 -233.376 -2.20668 -8.7626 -4.19425 11.8991 0.0470192 -11.7909 3.87801 -2.72067 -12.4716 -5.24816 -5.49459 -10.375 -13.2381 -10.0112 -11.0199 5.00076 -8.47008 -16.9462 -19.0632 -4.76162 -2.92664 6.11825 -3.71034 15.945 -3.19399 -3.54053 -6.80954 
0 0 0 0 0 0 0 0 0 0 0 0 0 0 0 0 0 0 0 0 0 0 0 0 0 0 0 0 0 0 0 0 0 0 0 0 0 237.921 4.18189 22.2475 4.08333 12.6831 12.0095 -5.81879 8.54618 0.372968 -12.1499 1.87493 9.23854 5.16491 -2.10588 7.2146 2.54101 15.6804 5.48763 11.8441 2.82217 11.5183 5.28558 20.4948 13.7059 4.5825 -3.68164 5.42867 
0 0 0 0 0 0 0 0 0 0 0 0 0 0 0 0 0 0 0 0 0 0 0 0 0 0 0 0 0 0 0 0 0 0 0 0 0 0 235.594 0.632371 11.0862 7.12123 10.3538 -0.687566 12.9751 17.0016 10.4674 7.12204 5.96849 6.04749 -4.62778 -3.98443 5.80687 10.14 8.82337 -5.71301 4.63291 5.8775 12.6488 -3.83248 -8.2943 10.2158 17.9975 4.62445 
0 0 0 0 0 0 0 0 0 0 0 0 0 0 0 0 0 0 0 0 0 0 0 0 0 0 0 0 0 0 0 0 0 0 0 0 0 0 0 225.524 24.3138 19.1837 -5.48304 16.6368 -3.99932 5.59956 -0.5795 13.3337 12.1264 6.32615 5.19821 2.35783 4.36344 11.8743 0.54478 17.893 9.91942 4.79616 1.10748 3.66512 20.9156 10.7611 -5.36022 11.12 
0 0 0 0 0 0 0 0 0 0 0 0 0 0 0 0 0 0 0 0 0 0 0 0 0 0 0 0 0 0 0 0 0 0 0 0 0 0 0 0 232.739 15.7655 12.2536 18.3244 -6.10249 10.5643 4.65323 7.93136 -4.2047 -11.8756 -2.68141 -3.91336 9.35787 13.039 -0.782772 9.2051 4.62409 10.0011 14.9493 5.51126 6.4868 4.61361 11.2093 6.33748 
0 0 0 0 0 0 0 0 0 0 0 0 0 0 0 0 0 0 0 0 0 0 0 0 0 0 0 0 0 0 0 0 0 0 0 0 0 0 0 0 0 -233.983 3.45743 -5.85957 6.24992 -8.55264 -9.01145 -0.328761 -7.00178 -4.00734 -10.3927 -1.56857 -7.85904 -3.54765 -6.44502 -4.06494 -8.58 -13.442 -8.39951 -28.0777 1.0006 4.59753 9.50322 -12.3229 
0 0 0 0 0 0 0 0 0 0 0 0 0 0 0 0 0 0 0 0 0 0 0 0 0 0 0 0 0 0 0 0 0 0 0 0 0 0 0 0 0 0 -231.506 -1.65257 -1.05976 -2.48688 -1.17001 -9.9683 -9.97333 6.97403 -5.67495 -0.500961 -13.6307 8.62777 -9.63739 -7.92358 -2.2241 -5.02661 -11.1705 -4.95243 -0.267102 3.39522 -5.16496 0.175715 
0 0 0 0 0 0 0 0 0 0 0 0 0 0 0 0 0 0 0 0 0 0 0 0 0 0 0 0 0 0 0 0 0 0 0 0 0 0 0 0 0 0 0 228.017 4.15228 5.7462 1.29491 19.6204 -12.7835 8.63565 1.85929 4.05405 18.6073 0.349103 -2.16303 12.1762 6.09233 2.30146 10.1704 -0.949274 10.3709 17.9307 5.92963 15.2202 
0 0 0 0 0 0 0 0 0 0 0 0 0 0 0 0 0 0 0 0 0 0 0 0 0 0 0 0 0 0 0 0 0 0 0 0 0 0 0 0 0 0 0 0 -226.519 -3.37662 -13.5792 5.65961 -9.7436 -14.8996 -3.72142 -5.45079 -10.6666 -21.0687 -13.9597 3.29838 -1.83387 -18.945 9.15272 3.46304 -19.4884 -18.3767 6.06942 2.00669 
0 0 0 0 0 0 0 0 0 0 0 0 0 0 0 0 0 0 0 0 0 0 0 0 0 0 0 0 0 0 0 0 0 0 0 0 0 0 0 0 0 0 0 0 0 -235.627 0.000108853 1.40054 -0.055004 -11.4386 10.3127 -5.05618 -15.4653 -15.1724 -10.3202 -6.10641 -8.3405 7.56336 -8.28133 1.30458 -17.9296 -9.88808 -8.11904 -19.4329 
0 0 0 0 0 0 0 0 0 0 0 0 0 0 0 0 0 0 0 0 0 0 0 0 0 0 0 0 0 0 0 0 0 0 0 0 0 0 0 0 0 0 0 0 0 0 -232.019 2.17263 4.18862 -3.8658 -9.75753 3.04829 -0.855714 1.12135 -17.3866 5.92524 -14.6467 -5.94389 -4.5489 -12.7784 -5.60822 -4.97748 7.37169 -19.6055 
0 0 0 0 0 0 0 0 0 0 0 0 0 0 0 0 0 0 0 0 0 0 0 0 0 0 0 0 0 0 0 0 0 0 0 0 0 0 0 0 0 0 0 0 0 0 0 -228.819 -17.0735 -22.1729 -11.9701 -7.55442 -9.7168 -5.36787 -4.21282 -9.26137 7.51655 6.76849 -12.9998 -6.50126 -4.17888 16.3374 -5.38767 8.99042 
0 0 0 0 0 0 0 0 0 0 0 0 0 0 0 0 0 0 0 0 0 0 0 0 0 0 0 0 0 0 0 0 0 0 0 0 0 0 0 0 0 0 0 0 0 0 0 0 232.956 22.5978 -4.73148 19.5626 2.92802 -9.20936 17.5444 -2.50354 0.350967 7.02905 4.56032 12.7716 7.70567 1.46556 18.883 -3.79545 
0 0 0 0 0 0 0 0 0 0 0 0 0 0 0 0 0 0 0 0 0 0 0 0 0 0 0 0 0 0 0 0 0 0 0 0 0 0 0 0 0 0 0 0 0 0 0 0 0 -233.219 1.81419 9.05951 1.72569 -9.63776 -4.95307 -0.671858 -6.35958 -8.99608 -22.4856 7.96364 10.0655 -12.5363 -23.8736 -13.4393 
0 0 0 0 0 0 0 0 0 0 0 0 0 0 0 0 0 0 0 0 0 0 0 0 0 0 0 0 0 0 0 0 0 0 0 0 0 0 0 0 0 0 0 0 0 0 0 0 0 0 231.789 2.6161 2.89992 9.4559 17.448 10.592 -3.36332 -1.63846 5.75184 9.57302 22.0583 17.9919 16.8115 9.59523 
0 0 0 0 0 0 0 0 0 0 0 0 0 0 0 0 0 0 0 0 0 0 0 0 0 0 0 0 0 0 0 0 0 0 0 0 0 0 0 0 0 0 0 0 0 0 0 0 0 0 0 238.449 8.86878 19.1378 15.2119 0.848947 -4.16051 13.5013 -3.00104 6.45818 14.9898 7.24216 9.20001 -9.30367 
0 0 0 0 0 0 0 0 0 0 0 0 0 0 0 0 0 0 0 0 0 0 0 0 0 0 0 0 0 0 0 0 0 0 0 0 0 0 0 0 0 0 0 0 0 0 0 0 0 0 0 0 233.306 -18.1958 4.84947 -3.19506 -6.74691 12.4092 10.3751 1.61057 22.3352 12.178 7.20165 13.1426 
0 0 0 0 0 0 0 0 0 0 0 0 0 0 0 0 0 0 0 0 0 0 0 0 0 0 0 0 0 0 0 0 0 0 0 0 0 0 0 0 0 0 0 0 0 0 0 0 0 0 0 0 0 -231.643 -1.11675 -15.0571 -6.78008 6.17934 -25.7129 8.50567 8.54848 -7.1713 -8.26964 -9.7248 
0 0 0 0 0 0 0 0 0 0 0 0 0 0 0 0 0 0 0 0 0 0 0 0 0 0 0 0 0 0 0 0 0 0 0 0 0 0 0 0 0 0 0 0 0 0 0 0 0 0 0 0 0 0 -231.095 0.811755 -15.2617 0.888853 -6.60404 16.7417 -6.73385 -23.5253 -3.173 7.08698 
0 0 0 0 0 0 0 0 0 0 0 0 0 0 0 0 0 0 0 0 0 0 0 0 0 0 0 0 0 0 0 0 0 0 0 0 0 0 0 0 0 0 0 0 0 0 0 0 0 0 0 0 0 0 0 231.409 -20.3557 -7.1528 -10.6372 4.57085 -7.33518 10.7075 24.3156 3.72953 
0 0 0 0 0 0 0 0 0 0 0 0 0 0 0 0 0 0 0 0 0 0 0 0 0 0 0 0 0 0 0 0 0 0 0 0 0 0 0 0 0 0 0 0 0 0 0 0 0 0 0 0 0 0 0 0 -231.324 10.0841 0.144429 -6.53505 -10.5048 10.002 -21.3842 -6.02931 
0 0 0 0 0 0 0 0 0 0 0 0 0 0 0 0 0 0 0 0 0 0 0 0 0 0 0 0 0 0 0 0 0 0 0 0 0 0 0 0 0 0 0 0 0 0 0 0 0 0 0 0 0 0 0 0 0 -234.271 -1.13586 -2.16403 -8.61337 -0.19841 -5.26192 0.355051 
0 0 0 0 0 0 0 0 0 0 0 0 0 0 0 0 0 0 0 0 0 0 0 0 0 0 0 0 0 0 0 0 0 0 0 0 0 0 0 0 0 0 0 0 0 0 0 0 0 0 0 0 0 0 0 0 0 0 218.278 7.14531 -4.33042 2.43394 11.4212 10.4107 
0 0 0 0 0 0 0 0 0 0 0 0 0 0 0 0 0 0 0 0 0 0 0 0 0 0 0 0 0 0 0 0 0 0 0 0 0 0 0 0 0 0 0 0 0 0 0 0 0 0 0 0 0 0 0 0 0 0 0 230.722 -0.304694 8.49553 1.22919 -12.755 
0 0 0 0 0 0 0 0 0 0 0 0 0 0 0 0 0 0 0 0 0 0 0 0 0 0 0 0 0 0 0 0 0 0 0 0 0 0 0 0 0 0 0 0 0 0 0 0 0 0 0 0 0 0 0 0 0 0 0 0 -229.774 -17.6717 -1.93989 -8.20858 
0 0 0 0 0 0 0 0 0 0 0 0 0 0 0 0 0 0 0 0 0 0 0 0 0 0 0 0 0 0 0 0 0 0 0 0 0 0 0 0 0 0 0 0 0 0 0 0 0 0 0 0 0 0 0 0 0 0 0 0 0 -233.123 3.7972 4.27197 
0 0 0 0 0 0 0 0 0 0 0 0 0 0 0 0 0 0 0 0 0 0 0 0 0 0 0 0 0 0 0 0 0 0 0 0 0 0 0 0 0 0 0 0 0 0 0 0 0 0 0 0 0 0 0 0 0 0 0 0 0 0 -228.017 -3.31815 
0 0 0 0 0 0 0 0 0 0 0 0 0 0 0 0 0 0 0 0 0 0 0 0 0 0 0 0 0 0 0 0 0 0 0 0 0 0 0 0 0 0 0 0 0 0 0 0 0 0 0 0 0 0 0 0 0 0 0 0 0 0 0 -223.554 
