4528.75 
293.862 
293.026 
288.298 
285.325 
284.437 
283.406 
282.27 
280.332 
279.083 
277.661 
276.657 
276.215 
276.16 
272.903 
272.538 
271.505 
270.009 
269.445 
268.916 
268.161 
266.762 
264.454 
263.134 
262.92 
261.711 
260.644 
259.68 
257.96 
257.365 
256.646 
255.386 
254.719 
253.902 
253.374 
253.004 
251.986 
250.952 
249.7 
247.686 
246.914 
246.521 
245.799 
244.733 
244.026 
242.792 
242.279 
241.32 
240.833 
240.082 
238.792 
237.54 
236.855 
236.466 
235.828 
235.688 
234.62 
233.281 
232.118 
231.739 
230.348 
230.183 
229.013 
228.361 
227.872 
226.121 
224.824 
224.718 
224.263 
222.929 
221.892 
221.287 
220.334 
219.601 
219.508 
217.97 
217.812 
217.269 
216.128 
215.778 
215.391 
214.392 
213.368 
211.975 
210.892 
210.794 
209.73 
207.983 
207.81 
206.878 
206.403 
206.087 
204.725 
203.26 
202.409 
201.749 
201.421 
200.425 
200.241 
198.25 
198.145 
197.23 
196.611 
195.711 
195.235 
194.557 
192.842 
192.245 
190.768 
190.209 
189.247 
188.432 
186.627 
185.055 
184.936 
184.388 
183.887 
183.488 
181.992 
180.968 
179.558 
179.085 
176.707 
174.311 
174.167 
173.089 
172.448 
168.083 
