-233.484 -174.807 -179.505 -176.571 -176.48 -173.873 -184.415 -179.063 -170.325 -176.237 -172.672 -165.518 -171.53 -174.946 -178.608 -179.816 -160.336 -164.172 -172.094 -177.602 -183.949 -174.814 -172.849 -161.818 -184.468 -169.219 -179.327 -168.584 -180.685 -173.719 -183.859 -179.316 
0 -150.056 -57.871 -55.7316 -62.5454 -58.0898 -67.0904 -59.0924 -59.3269 -57.8018 -60.6573 -67.0904 -59.4731 -60.7965 -56.6661 -58.9157 -57.3705 -58.7431 -61.5777 -63.5488 -65.8195 -62.5508 -61.8481 -57.9009 -66.0052 -60.5489 -64.1659 -60.322 -64.6517 -62.1593 -65.7875 -64.1621 
0 0 139.739 45.9536 47.4198 44.0349 47.6743 45.3809 41.1697 47.097 47.1347 42.4777 40.9015 44.8722 47.697 46.7617 39.6685 40.6176 42.5775 43.9404 45.5105 43.2504 42.7645 40.0353 45.6389 41.8662 44.3671 41.7093 44.703 42.9797 45.4884 44.3645 
0 0 0 131.15 34.5406 25.1211 26.1533 29.0955 24.426 30.188 30.2541 34.9183 28.3713 30.5247 26.8772 22.5504 26.4521 27.0849 28.3919 29.3007 30.3477 28.8406 28.5165 26.6966 30.4333 27.9175 29.5852 27.8129 29.8092 28.66 30.3329 29.5835 
0 0 0 0 129.366 19.6135 23.5894 26.752 27.707 25.7687 21.8088 22.2313 25.8087 23.9076 21.058 21.4437 22.7793 23.3243 24.4498 25.2324 26.134 24.8362 24.5571 22.9899 26.2077 24.0413 25.4774 23.9512 25.6703 24.6807 26.1213 25.4759 
0 0 0 0 0 125.489 20.3631 18.9776 22.8593 23.5699 16.7529 18.3003 19.7713 16.0871 23.3192 19.2375 17.5233 17.9425 18.8083 19.4104 20.104 19.1056 18.8909 17.6853 20.1607 18.4941 19.5989 18.4248 19.7472 18.986 20.0942 19.5977 
0 0 0 0 0 0 -125.659 -13.3299 -20.2469 -15.6031 -25.2115 -13.6943 -9.94365 -12.1959 -15.4066 -16.9733 -14.044 -14.38 -15.0739 -15.5564 -16.1122 -15.3121 -15.14 -14.1738 -16.1577 -14.822 -15.7074 -14.7665 -15.8263 -15.2162 -16.1044 -15.7065 
0 0 0 0 0 0 0 -120.077 -12.8561 -12.2036 -15.3942 -14.7926 -11.2515 -15.8867 -12.7222 -13.5285 -13.4314 -13.7527 -14.4163 -14.8778 -15.4094 -14.6442 -14.4796 -13.5555 -15.4529 -14.1755 -15.0223 -14.1223 -15.136 -14.5525 -15.4019 -15.0214 
0 0 0 0 0 0 0 0 -118.385 -17.5785 -5.03704 -19.0843 -16.1944 -9.76641 -11.2242 -12.9893 -11.8391 -12.1224 -12.7073 -13.1141 -13.5827 -12.9081 -12.7631 -11.9486 -13.621 -12.495 -13.2414 -12.4482 -13.3417 -12.8273 -13.5761 -13.2406 
0 0 0 0 0 0 0 0 0 118.374 19.4412 13.348 7.79737 12.8095 12.7471 5.3733 11.8451 12.1285 12.7137 13.1207 13.5895 12.9146 12.7695 11.9546 13.6278 12.5013 13.2481 12.4544 13.3484 12.8338 13.5829 13.2473 
0 0 0 0 0 0 0 0 0 0 117.466 16.211 2.90841 12.5819 10.1615 8.7301 8.50213 8.70554 9.12562 9.41772 9.75424 9.26983 9.16568 8.58073 9.78176 8.97315 9.50918 8.93952 9.58117 9.21181 9.7495 9.50861 
0 0 0 0 0 0 0 0 0 0 0 119.857 9.2628 4.74523 5.42056 5.82113 9.44559 9.67157 10.1383 10.4628 10.8366 10.2985 10.1828 9.53291 10.8672 9.96887 10.5644 9.93151 10.6444 10.234 10.8314 10.5638 
0 0 0 0 0 0 0 0 0 0 0 0 117.821 6.33266 2.23655 5.27949 8.87929 9.09172 9.53044 9.8355 10.1869 9.68105 9.57228 8.96138 10.2157 9.3712 9.93102 9.33608 10.0062 9.62045 10.182 9.93042 
0 0 0 0 0 0 0 0 0 0 0 0 0 -119.847 -8.66541 -10.437 -8.24203 -8.43921 -8.84644 -9.12961 -9.45583 -8.98624 -8.88528 -8.31822 -9.48251 -8.69863 -9.21827 -8.66604 -9.28805 -8.92999 -9.45124 -9.21772 
0 0 0 0 0 0 0 0 0 0 0 0 0 0 -124.772 -14.8741 -9.32304 -9.54608 -10.0067 -10.327 -10.696 -10.1649 -10.0507 -9.40923 -10.7262 -9.83953 -10.4273 -9.80266 -10.5063 -10.1012 -10.6908 -10.4267 
0 0 0 0 0 0 0 0 0 0 0 0 0 0 0 118.586 6.65929 6.81861 7.14764 7.37643 7.64 7.26059 7.17902 6.72086 7.66156 7.02822 7.44806 7.00188 7.50445 7.21514 7.63629 7.44762 
0 0 0 0 0 0 0 0 0 0 0 0 0 0 0 0 -117.871 -6.12485 -6.67192 -1.3653 -2.18718 0.747701 -6.55677 3.39762 -26.3022 -7.35135 -1.5884 -9.69108 -17.0761 -0.752371 -7.31957 -2.02043 
0 0 0 0 0 0 0 0 0 0 0 0 0 0 0 0 0 -111.25 -7.06547 -7.83533 -10.5726 -2.23982 -3.16375 18.1092 -12.2215 -10.403 2.57715 -2.32227 -3.86885 -18.2339 10.7041 -18.708 
0 0 0 0 0 0 0 0 0 0 0 0 0 0 0 0 0 0 -118.532 -12.1375 -5.82835 -4.35728 -5.95172 -4.11087 7.40985 -12.0849 3.20277 -1.12615 -7.2092 -15.2368 -8.11871 6.42339 
0 0 0 0 0 0 0 0 0 0 0 0 0 0 0 0 0 0 0 117.346 -11.3507 5.59905 4.28174 32.9837 14.3178 5.90232 12.273 28.0947 12.8651 7.01037 0.307184 18.0682 
0 0 0 0 0 0 0 0 0 0 0 0 0 0 0 0 0 0 0 0 -118.807 -1.93364 -7.22904 -9.73056 -17.446 9.27742 -3.85009 -0.96038 4.05019 -8.1472 -23.5743 -5.46366 
0 0 0 0 0 0 0 0 0 0 0 0 0 0 0 0 0 0 0 0 0 -117.479 4.51977 -2.95519 -4.41623 -3.19828 -16.4102 -8.59623 -9.10232 -10.9382 -10.6478 -20.1504 
0 0 0 0 0 0 0 0 0 0 0 0 0 0 0 0 0 0 0 0 0 0 121.868 1.29097 6.82695 12.7696 8.71344 -6.43901 7.59007 1.57872 -0.111633 6.69475 
0 0 0 0 0 0 0 0 0 0 0 0 0 0 0 0 0 0 0 0 0 0 0 -110.782 -9.79494 -0.240718 -6.93518 7.82942 2.61602 -1.54384 -8.15378 -8.91692 
0 0 0 0 0 0 0 0 0 0 0 0 0 0 0 0 0 0 0 0 0 0 0 0 -113.764 -14.498 1.68041 -4.23852 1.07747 -9.18627 -1.34116 -15.5135 
0 0 0 0 0 0 0 0 0 0 0 0 0 0 0 0 0 0 0 0 0 0 0 0 0 115.279 -0.239036 0.63689 7.03576 -9.64021 -4.3114 -0.641084 
0 0 0 0 0 0 0 0 0 0 0 0 0 0 0 0 0 0 0 0 0 0 0 0 0 0 -109.351 -9.02392 1.63497 6.93338 -1.88117 -18.8793 
0 0 0 0 0 0 0 0 0 0 0 0 0 0 0 0 0 0 0 0 0 0 0 0 0 0 0 109.359 4.13553 18.409 10.251 -14.4781 
0 0 0 0 0 0 0 0 0 0 0 0 0 0 0 0 0 0 0 0 0 0 0 0 0 0 0 0 -112.11 -17.9864 -9.65798 -9.17536 
0 0 0 0 0 0 0 0 0 0 0 0 0 0 0 0 0 0 0 0 0 0 0 0 0 0 0 0 0 109.652 11.4942 -4.34546 
0 0 0 0 0 0 0 0 0 0 0 0 0 0 0 0 0 0 0 0 0 0 0 0 0 0 0 0 0 0 -109.409 1.21506 
0 0 0 0 0 0 0 0 0 0 0 0 0 0 0 0 0 0 0 0 0 0 0 0 0 0 0 0 0 0 0 103.762 
