-466.968 -349.613 -359.01 -353.142 -352.96 -347.746 -368.831 -358.125 -340.651 -352.475 -345.343 -331.035 -343.061 -349.893 -357.217 -359.631 -337.102 -346.715 -350.799 -358.79 -343.442 -344.714 -357.141 -354.892 -348.179 -347.21 -350.372 -349.027 -355.054 -345.95 -337.712 -353.035 
0 300.113 115.742 111.463 125.091 116.18 134.181 118.185 118.654 115.604 121.315 134.181 118.946 121.593 113.332 117.831 120.62 124.06 125.521 128.38 122.889 123.344 127.79 126.985 124.583 124.237 125.368 124.887 127.044 123.786 120.838 126.321 
0 0 -279.477 -91.9072 -94.8396 -88.0699 -95.3486 -90.7618 -82.3395 -94.1939 -94.2693 -84.9554 -81.8031 -89.7444 -95.3939 -93.5234 -83.402 -85.7803 -86.7907 -88.7678 -84.9706 -85.2853 -88.3599 -87.8033 -86.1425 -85.9029 -86.6851 -86.3525 -87.8436 -85.5912 -83.553 -87.3439 
0 0 0 -262.3 -69.0812 -50.2422 -52.3065 -58.1911 -48.852 -60.376 -60.5082 -69.8365 -56.7427 -61.0494 -53.7543 -45.1009 -55.6148 -57.2007 -57.8745 -59.1928 -56.6608 -56.8706 -58.9208 -58.5497 -57.4422 -57.2824 -57.804 -57.5822 -58.5765 -57.0746 -55.7154 -58.2433 
0 0 0 0 -258.732 -39.227 -47.1788 -53.504 -55.4141 -51.5374 -43.6175 -44.4626 -51.6174 -47.8151 -42.116 -42.8873 -47.8929 -49.2586 -49.8388 -50.9741 -48.7936 -48.9743 -50.7399 -50.4203 -49.4666 -49.329 -49.7782 -49.5871 -50.4434 -49.15 -47.9795 -50.1565 
0 0 0 0 0 250.977 40.7262 37.9551 45.7185 47.1397 33.5059 36.6005 39.5426 32.1741 46.6384 38.475 36.8423 37.8929 38.3392 39.2126 37.5352 37.6742 39.0324 38.7865 38.0529 37.947 38.2926 38.1456 38.8043 37.8093 36.909 38.5836 
0 0 0 0 0 0 251.319 26.6598 40.4937 31.2061 50.423 27.3886 19.8873 24.3919 30.8133 33.9465 29.5271 30.3691 30.7268 31.4267 30.0824 30.1938 31.2823 31.0853 30.4973 30.4125 30.6894 30.5716 31.0995 30.3021 29.5805 30.9226 
0 0 0 0 0 0 0 -240.154 -25.7122 -24.4073 -30.7885 -29.5853 -22.5031 -31.7735 -25.4443 -27.0569 -28.2391 -29.0444 -29.3865 -30.0559 -28.7702 -28.8767 -29.9178 -29.7293 -29.167 -29.0859 -29.3507 -29.2381 -29.7429 -28.9803 -28.2902 -29.5738 
0 0 0 0 0 0 0 0 -236.77 -35.157 -10.0741 -38.1687 -32.3888 -19.5328 -22.4483 -25.9786 -24.8914 -25.6013 -25.9028 -26.4929 -25.3596 -25.4535 -26.3711 -26.205 -25.7093 -25.6378 -25.8713 -25.772 -26.217 -25.5448 -24.9365 -26.0679 
0 0 0 0 0 0 0 0 0 236.748 38.8824 26.696 15.5947 25.6191 25.4941 10.7466 24.904 25.6141 25.9158 26.5062 25.3724 25.4663 26.3844 26.2182 25.7223 25.6507 25.8843 25.785 26.2302 25.5577 24.949 26.081 
0 0 0 0 0 0 0 0 0 0 -234.931 -32.422 -5.81682 -25.1639 -20.323 -17.4602 -17.8755 -18.3852 -18.6018 -19.0255 -18.2117 -18.2792 -18.9381 -18.8188 -18.4629 -18.4115 -18.5792 -18.5079 -18.8275 -18.3447 -17.9079 -18.7204 
0 0 0 0 0 0 0 0 0 0 0 -239.713 -18.5256 -9.49045 -10.8411 -11.6423 -19.8591 -20.4254 -20.666 -21.1368 -20.2326 -20.3075 -21.0396 -20.9071 -20.5116 -20.4546 -20.6408 -20.5616 -20.9167 -20.3804 -19.895 -20.7977 
0 0 0 0 0 0 0 0 0 0 0 0 235.642 12.6653 4.47309 10.559 18.6685 19.2008 19.427 19.8695 19.0196 19.09 19.7782 19.6536 19.2819 19.2283 19.4034 19.3289 19.6627 19.1585 18.7023 19.5508 
0 0 0 0 0 0 0 0 0 0 0 0 0 239.693 17.3308 20.8739 17.3286 17.8228 18.0327 18.4435 17.6546 17.7199 18.3587 18.2431 17.898 17.8483 18.0108 17.9417 18.2515 17.7835 17.36 18.1477 
0 0 0 0 0 0 0 0 0 0 0 0 0 0 249.544 29.7481 19.6014 20.1604 20.3979 20.8625 19.9701 20.0441 20.7666 20.6358 20.2455 20.1892 20.373 20.2949 20.6453 20.1159 19.6369 20.5279 
0 0 0 0 0 0 0 0 0 0 0 0 0 0 0 -237.172 -14.001 -14.4002 -14.5699 -14.9018 -14.2643 -14.3171 -14.8333 -14.7398 -14.461 -14.4208 -14.5521 -14.4963 -14.7466 -14.3685 -14.0263 -14.6627 
0 0 0 0 0 0 0 0 0 0 0 0 0 0 0 0 -233.808 -20.4871 -30.5136 -30.8413 -9.10182 -17.914 -9.35044 -3.64244 -28.342 -15.7909 -8.26383 -17.4629 5.67615 -7.15028 -30.6587 -13.8915 
0 0 0 0 0 0 0 0 0 0 0 0 0 0 0 0 0 -238.765 -13.2681 -7.61683 -16.8981 -13.4987 -11.0053 -16.638 -11.1724 -4.37721 -15.3936 -7.32887 -9.05059 -8.95853 -9.66973 -4.29703 
0 0 0 0 0 0 0 0 0 0 0 0 0 0 0 0 0 0 -231.096 5.24298 -13.9651 -11.3987 -22.0726 -18.346 -15.8586 -10.4153 -21.5622 -12.1138 -2.50939 -16.0669 -20.881 -15.8369 
0 0 0 0 0 0 0 0 0 0 0 0 0 0 0 0 0 0 0 -228.759 -16.414 -11.97 -14.4486 -13.758 -19.0068 -7.12512 -16.0272 -21.2262 -20.2757 -22.3955 -15.5048 -14.6572 
0 0 0 0 0 0 0 0 0 0 0 0 0 0 0 0 0 0 0 0 235.356 6.16549 12.8334 8.36374 -8.16904 4.3056 15.6518 0.12743 7.41203 16.3849 8.63782 9.67783 
0 0 0 0 0 0 0 0 0 0 0 0 0 0 0 0 0 0 0 0 0 239.828 8.00191 26.0564 7.74465 16.7793 15.5402 -1.87883 12.9793 4.04118 -8.82798 5.84846 
0 0 0 0 0 0 0 0 0 0 0 0 0 0 0 0 0 0 0 0 0 0 -237.477 -4.22399 -14.5929 -11.022 -13.674 -3.26719 -17.196 -20.4978 -13.7718 -10.987 
0 0 0 0 0 0 0 0 0 0 0 0 0 0 0 0 0 0 0 0 0 0 0 227.294 27.4851 22.8136 -2.25733 20.401 0.0798189 8.85974 2.59156 16.974 
0 0 0 0 0 0 0 0 0 0 0 0 0 0 0 0 0 0 0 0 0 0 0 0 -233.946 -18.497 -14.8329 -21.1674 2.7478 -13.1099 -7.19654 -10.7488 
0 0 0 0 0 0 0 0 0 0 0 0 0 0 0 0 0 0 0 0 0 0 0 0 0 -235.42 0.715631 -8.79549 2.54956 -11.1941 -11.6808 -3.32916 
0 0 0 0 0 0 0 0 0 0 0 0 0 0 0 0 0 0 0 0 0 0 0 0 0 0 232.84 4.43598 4.65439 4.966 3.68081 12.7989 
0 0 0 0 0 0 0 0 0 0 0 0 0 0 0 0 0 0 0 0 0 0 0 0 0 0 0 229.472 7.87819 8.28699 3.90499 22.3956 
0 0 0 0 0 0 0 0 0 0 0 0 0 0 0 0 0 0 0 0 0 0 0 0 0 0 0 0 -228.867 -6.50392 -16.7252 2.25539 
0 0 0 0 0 0 0 0 0 0 0 0 0 0 0 0 0 0 0 0 0 0 0 0 0 0 0 0 0 -236.599 -1.88505 -0.777432 
0 0 0 0 0 0 0 0 0 0 0 0 0 0 0 0 0 0 0 0 0 0 0 0 0 0 0 0 0 0 -232.944 0.0261059 
0 0 0 0 0 0 0 0 0 0 0 0 0 0 0 0 0 0 0 0 0 0 0 0 0 0 0 0 0 0 0 230.087 
