-165.098 -123.607 -126.929 -124.855 -124.79 -122.947 -130.401 -126.616 -120.438 -124.619 -122.097 -117.039 -121.29 -123.706 -126.295 -127.149 -108.848 -117.901 -108.582 -123.592 -116.448 -126.929 -130.049 -121.118 -130.044 -130.099 -121.051 -126.173 -133.945 -110.501 -127.242 -101.604 
0 -106.106 -40.921 -39.4082 -44.2263 -41.0757 -47.4401 -41.7846 -41.9505 -40.8721 -42.8912 -47.4401 -42.0538 -42.9896 -40.069 -41.6597 -38.9474 -42.1868 -38.8523 -44.223 -41.6669 -45.4171 -46.5336 -43.338 -46.5315 -46.5513 -43.3137 -45.1466 -47.9274 -39.539 -45.5289 -36.3554 
0 0 98.8101 32.4941 33.5309 31.1374 33.7108 32.0891 29.1114 33.3026 33.3292 30.0363 28.9217 31.7294 33.7268 33.0655 26.9299 29.1698 26.8642 30.5777 28.8103 31.4034 32.1754 29.9658 32.1739 32.1877 29.949 31.2163 33.1391 27.339 31.4807 25.1377 
0 0 0 92.7369 24.4239 17.7633 18.4931 20.5736 17.2718 21.3461 21.3929 24.6909 20.0616 21.5842 19.005 15.9456 17.9576 19.4512 17.9138 20.3901 19.2115 20.9407 21.4554 19.982 21.4545 21.4636 19.9708 20.8159 22.0981 18.2304 20.9922 16.7625 
0 0 0 0 91.4754 13.8688 16.6802 18.9165 19.5918 18.2212 15.4211 15.7199 18.2495 16.9052 14.8903 15.163 15.4643 16.7505 15.4265 17.559 16.5441 18.0331 18.4764 17.2076 18.4756 18.4835 17.1979 17.9257 19.0298 15.6992 18.0775 14.4351 
0 0 0 0 0 88.7338 14.3989 13.4192 16.1639 16.6664 11.8461 12.9402 13.9804 11.3753 16.4892 13.603 11.8961 12.8856 11.8671 13.5075 12.7268 13.8722 14.2132 13.2372 14.2126 14.2187 13.2298 13.7896 14.639 12.0768 13.9064 11.1044 
0 0 0 0 0 0 -88.8546 -9.42565 -14.3167 -11.033 -17.8272 -9.68333 -7.03122 -8.62384 -10.8941 -12.0019 -9.53409 -10.3271 -9.51081 -10.8255 -10.1998 -11.1178 -11.3911 -10.6089 -11.3906 -11.3955 -10.6029 -11.0516 -11.7323 -9.67891 -11.1452 -8.89958 
0 0 0 0 0 0 0 -84.9072 -9.09064 -8.62927 -10.8854 -10.46 -7.95605 -11.2336 -8.99592 -9.56607 -9.11821 -9.87661 -9.09594 -10.3533 -9.75489 -10.6329 -10.8943 -10.1461 -10.8938 -10.8984 -10.1404 -10.5695 -11.2206 -9.25671 -10.6591 -8.51137 
0 0 0 0 0 0 0 0 -83.7107 -12.4299 -3.56173 -13.4947 -11.4512 -6.9059 -7.93668 -9.18481 -8.03728 -8.70577 -8.01765 -9.12597 -8.59848 -9.37239 -9.60278 -8.94333 -9.60235 -9.60645 -8.93832 -9.31656 -9.89041 -8.15936 -9.39546 -7.50238 
0 0 0 0 0 0 0 0 0 83.703 13.747 9.43845 5.51357 9.05771 9.01353 3.7995 8.04132 8.71015 8.02168 9.13056 8.60281 9.3771 9.60761 8.94782 9.60718 9.61128 8.94281 9.32124 9.89539 8.16346 9.40019 7.50616 
0 0 0 0 0 0 0 0 0 0 83.0608 11.4629 2.05656 8.89678 7.18526 6.17311 5.77188 6.25195 5.75778 6.55371 6.1749 6.73067 6.89612 6.42255 6.89581 6.89876 6.41895 6.69058 7.10268 5.85955 6.74724 5.38775 
0 0 0 0 0 0 0 0 0 0 0 84.7514 6.54979 3.35538 3.83292 4.11616 6.41237 6.94571 6.39671 7.28095 6.86011 7.47756 7.66137 7.13524 7.66102 7.66429 7.13124 7.43301 7.89085 6.50977 7.49596 5.98561 
0 0 0 0 0 0 0 0 0 0 0 0 83.312 4.47787 1.58148 3.73316 6.02792 6.52929 6.0132 6.84443 6.44882 7.02925 7.20204 6.70745 7.20172 7.20479 6.7037 6.98738 7.41776 6.11948 7.04655 5.62675 
0 0 0 0 0 0 0 0 0 0 0 0 0 -84.7444 -6.12737 -7.38004 -5.5953 -6.06068 -5.58164 -6.35321 -5.98599 -6.52476 -6.68515 -6.22606 -6.68485 -6.68771 -6.22257 -6.48589 -6.88539 -5.68029 -6.54082 -5.22292 
0 0 0 0 0 0 0 0 0 0 0 0 0 0 -88.227 -10.5175 -6.32917 -6.85559 -6.31371 -7.18649 -6.7711 -7.38054 -7.56197 -7.04266 -7.56163 -7.56486 -7.03872 -7.33657 -7.78847 -6.42531 -7.39871 -5.90795 
0 0 0 0 0 0 0 0 0 0 0 0 0 0 0 83.8531 4.52082 4.89684 4.50978 5.13319 4.83649 5.2718 5.40139 5.03046 5.40114 5.40345 5.02764 5.24039 5.56317 4.58949 5.28477 4.21995 
0 0 0 0 0 0 0 0 0 0 0 0 0 0 0 0 -79.1631 -4.43312 6.70303 -3.44783 -5.33957 -1.95871 0.93626 -6.6538 -4.03145 -10.5092 -3.1035 14.4371 -7.72071 -9.8552 0.626211 -3.56676 
0 0 0 0 0 0 0 0 0 0 0 0 0 0 0 0 0 -86.9143 8.74741 -13.2263 -0.437138 -3.3801 -2.27195 -2.9656 0.877029 1.24549 3.82907 3.44887 -12.5902 -2.93389 5.32929 2.4951 
0 0 0 0 0 0 0 0 0 0 0 0 0 0 0 0 0 0 -76.269 -0.208794 -10.5786 -6.13097 -9.58618 -5.91438 -8.29121 -8.90465 -0.632601 -0.869808 -19.8375 7.10483 4.56314 -3.64293 
0 0 0 0 0 0 0 0 0 0 0 0 0 0 0 0 0 0 0 78.3792 7.03691 -1.20714 0.329191 2.36874 7.4497 7.07363 11.9642 2.92461 -8.9052 -10.2462 11.5055 -18.7529 
0 0 0 0 0 0 0 0 0 0 0 0 0 0 0 0 0 0 0 0 -84.8182 7.2926 -12.2781 2.47701 -0.811339 -15.5398 -3.61365 -5.0976 1.39512 -6.09656 -5.31166 1.3141 
0 0 0 0 0 0 0 0 0 0 0 0 0 0 0 0 0 0 0 0 0 -81.1275 -7.22547 -4.28886 0.145166 -7.40279 -5.95023 -1.9189 9.95914 -11.1067 -8.68697 0.252815 
0 0 0 0 0 0 0 0 0 0 0 0 0 0 0 0 0 0 0 0 0 0 81.2278 5.0432 -7.47217 18.7269 4.37078 -5.55393 -5.26067 -6.32036 27.6808 10.7026 
0 0 0 0 0 0 0 0 0 0 0 0 0 0 0 0 0 0 0 0 0 0 0 -82.985 -9.35749 10.5627 2.96071 -5.32401 -3.95733 -9.30763 -6.8684 -15.0807 
0 0 0 0 0 0 0 0 0 0 0 0 0 0 0 0 0 0 0 0 0 0 0 0 -82.8992 -1.76073 -5.74526 -12.6365 -15.1439 -13.3867 -3.18508 -13.9332 
0 0 0 0 0 0 0 0 0 0 0 0 0 0 0 0 0 0 0 0 0 0 0 0 0 78.9541 -2.57308 -1.91535 10.7235 -6.39286 3.99674 5.69128 
0 0 0 0 0 0 0 0 0 0 0 0 0 0 0 0 0 0 0 0 0 0 0 0 0 0 -81.5331 -15.5958 1.67341 -13.613 8.86396 5.27016 
0 0 0 0 0 0 0 0 0 0 0 0 0 0 0 0 0 0 0 0 0 0 0 0 0 0 0 78.66 6.10985 -5.53406 -3.70426 12.7536 
0 0 0 0 0 0 0 0 0 0 0 0 0 0 0 0 0 0 0 0 0 0 0 0 0 0 0 0 -83.3034 5.70678 -2.60063 2.26145 
0 0 0 0 0 0 0 0 0 0 0 0 0 0 0 0 0 0 0 0 0 0 0 0 0 0 0 0 0 74.1632 -9.79247 -2.5214 
0 0 0 0 0 0 0 0 0 0 0 0 0 0 0 0 0 0 0 0 0 0 0 0 0 0 0 0 0 0 -76.0792 -4.02825 
0 0 0 0 0 0 0 0 0 0 0 0 0 0 0 0 0 0 0 0 0 0 0 0 0 0 0 0 0 0 0 71.5348 
