-466.968 -349.613 -359.01 -353.142 -352.96 -347.746 -368.831 -358.125 -337.102 -346.715 -350.799 -358.79 -343.442 -344.714 -357.141 -354.892 
0 -300.113 -115.742 -111.463 -125.091 -116.18 -134.181 -118.185 -120.62 -124.06 -125.521 -128.38 -122.889 -123.344 -127.79 -126.985 
0 0 279.477 91.9072 94.8396 88.0699 95.3486 90.7618 83.402 85.7803 86.7907 88.7678 84.9706 85.2853 88.3599 87.8033 
0 0 0 262.3 69.0812 50.2422 52.3065 58.1911 55.6148 57.2007 57.8745 59.1928 56.6608 56.8706 58.9208 58.5497 
0 0 0 0 258.732 39.227 47.1788 53.504 47.8929 49.2586 49.8388 50.9741 48.7936 48.9743 50.7399 50.4203 
0 0 0 0 0 250.977 40.7262 37.9551 36.8423 37.8929 38.3392 39.2126 37.5352 37.6742 39.0324 38.7865 
0 0 0 0 0 0 -251.319 -26.6598 -29.5271 -30.3691 -30.7268 -31.4267 -30.0824 -30.1938 -31.2823 -31.0853 
0 0 0 0 0 0 0 -240.154 -28.2391 -29.0444 -29.3865 -30.0559 -28.7702 -28.8767 -29.9178 -29.7293 
0 0 0 0 0 0 0 0 -240.518 -33.5258 -43.4328 -44.0651 -22.3296 -30.9459 -23.1091 -17.472 
0 0 0 0 0 0 0 0 0 -244.277 -23.5122 -18.2468 -27.8683 -24.1528 -22.5669 -28.2781 
0 0 0 0 0 0 0 0 0 0 235.627 4.29818 23.2507 20.519 31.8593 28.1577 
0 0 0 0 0 0 0 0 0 0 0 -233.837 -25.4445 -20.9773 -23.8781 -23.3047 
0 0 0 0 0 0 0 0 0 0 0 0 -238.884 -13.1393 -20.0056 -15.709 
0 0 0 0 0 0 0 0 0 0 0 0 0 -243.074 -14.4369 -32.4753 
0 0 0 0 0 0 0 0 0 0 0 0 0 0 -240.549 -10.0235 
0 0 0 0 0 0 0 0 0 0 0 0 0 0 0 -230.065 
